MIN=0	-1	-10	-20
MAX=20	1	10	120
SCALE=20	0.5	5	50
DEC=1	3	2	1
DEF="Time" t / s	"Current" I_A2 / A	"Voltage" U_B2 / V	"Temperature" &J_A12 / °C
0	0.151	0.065	42.0685233174999
0.101	0.151	0.065	42.0685233174999
0.2	0.151	0.065	42.0685233174999
0.3	0.151	0.065	42.0685233174999
0.4	0.151	0.07	42.0685233174999
0.5	0.1515	0.07	42.0685233174999
0.6	0.151	0.07	42.0685233174999
0.7	0.151	0.095	42.0685233174999
0.8	0.1515	0.14	42.0685233174999
0.9	0.151	0.19	42.0685233174999
1.001	0.151	0.245	42.0685233174999
1.1	0.151	0.305	42.0685233174999
1.201	0.1505	0.35	42.0685233174999
1.3	0.1505	0.4	42.0685233174999
1.399	0.1505	0.435	42.0685233174999
1.5	0.151	0.485	42.0685233174999
1.6	0.151	0.535	42.0685233174999
1.701	0.1505	0.575	42.0685233174999
1.8	0.1505	0.62	42.0685233174999
1.9	0.15	0.675	42.0685233174999
2.001	0.15	0.73	42.0685233174999
2.1	0.15	0.78	42.1663184394511
2.2	0.15	0.83	42.0685233174999
2.301	0.15	0.885	42.0685233174999
2.4	0.1495	0.945	42.0685233174999
2.501	0.149	1	42.1663184394511
2.601	0.1495	1.05	42.1663184394511
2.7	0.1495	1.105	42.1663184394511
2.8	0.149	1.17	42.1663184394511
2.899	0.149	1.24	42.1663184394511
3.001	0.1485	1.3	42.1663184394511
3.101	0.149	1.355	42.1663184394511
3.2	0.148	1.39	42.0685233174999
3.301	0.1475	1.425	42.1663184394511
3.4	0.147	1.46	42.1663184394511
3.499	0.1465	1.495	42.0685233174999
3.599	0.1435	1.61	42.0685233174999
3.701	0.1435	1.55	42.0685233174999
3.8	0.1455	1.545	42.0685233174999
3.901	0.1455	1.545	42.0685233174999
3.999	0.1455	1.545	42.1663184394511
4.1	0.1455	1.54	42.1663184394511
4.2	0.146	1.545	42.1663184394511
4.3	0.1455	1.545	42.1663184394511
4.401	0.145	1.57	42.1663184394511
4.5	0.1455	1.555	42.0685233174999
4.601	0.1445	1.575	42.0685233174999
4.701	0.1445	1.6	42.1663184394511
4.8	0.142	1.65	42.0685233174999
4.899	0.1405	1.68	42.0685233174999
5	0.1375	1.73	42.1663184394511
5.1	0.1315	1.79	42.0685233174999
5.2	0.128	1.815	42.1663184394511
5.301	0.1255	1.83	42.1663184394511
5.4	0.121	1.855	42.1663184394511
5.5	0.1165	1.875	42.1663184394511
5.6	0.1125	1.89	42.1663184394511
5.699	0.109	1.9	42.1663184394511
5.8	0.1055	1.915	42.0685233174999
5.9	0.102	1.925	42.1663184394511
6	0.099	1.93	42.1663184394511
6.1	0.0955	1.94	42.0685233174999
6.2	0.092	1.95	42.1663184394511
6.3	0.089	1.96	42.0685233174999
6.4	0.086	1.965	42.1663184394511
6.499	0.0835	1.97	42.1663184394511
6.6	0.0805	1.975	42.0685233174999
6.7	0.078	1.98	42.0685233174999
6.801	0.076	1.985	42.0685233174999
6.9	0.0735	1.99	42.0685233174999
7	0.071	1.995	42.0685233174999
7.1	0.0685	2	42.1663184394511
7.201	0.066	2.005	42.1663184394511
7.3	0.064	2.005	42.1663184394511
7.4	0.062	2.01	42.1663184394511
7.501	0.062	2.015	42.1663184394511
7.599	0.0605	2.015	42.1663184394511
7.7	0.0585	2.015	42.1663184394511
7.8	0.057	2.02	42.1663184394511
7.9	0.056	2.02	42.1663184394511
7.999	0.0545	2.025	42.1663184394511
8.101	0.0535	2.025	42.1663184394511
8.2	0.0515	2.025	42.1663184394511
8.301	0.05	2.03	42.1663184394511
8.4	0.0495	2.03	42.1663184394511
8.5	0.048	2.03	42.1663184394511
8.601	0.047	2.035	42.1663184394511
8.7	0.0465	2.035	42.1663184394511
8.8	0.047	2.035	42.1663184394511
8.9	0.047	2.035	42.1663184394511
9	0.047	2.035	42.1663184394511
9.1	0.047	2.035	42.1663184394511
9.2	0.047	2.035	42.1663184394511
9.3	0.047	2.035	42.1663184394511
9.401	0.047	2.035	42.1663184394511
9.5	0.047	2.035	42.1663184394511
9.6	0.0465	2.035	42.1663184394511
9.7	0.046	2.035	42.1663184394511
9.8	0.0455	2.035	42.1663184394511
9.901	0.0445	2.035	42.1663184394511
10.001	0.0405	2.045	42.1663184394511
10.101	0.0395	2.045	42.1663184394511
10.2	0.0385	2.045	42.1663184394511
10.3	0.038	2.045	42.1663184394511
10.4	0.0375	2.045	42.1663184394511
10.5	0.037	2.05	42.1663184394511
10.6	0.0365	2.05	42.1663184394511
10.7	0.0355	2.05	42.1663184394511
10.801	0.034	2.05	42.1663184394511
10.9	0.0335	2.05	42.1663184394511
11	0.0335	2.055	42.1663184394511
11.1	0.0315	2.055	42.1663184394511
11.201	0.0295	2.06	42.1663184394511
11.3	0.0295	2.06	42.1663184394511
11.4	0.028	2.06	42.1663184394511
11.501	0.027	2.06	42.1663184394511
11.6	0.0255	2.06	42.1663184394511
11.701	0.0245	2.065	42.1663184394511
11.8	0.0235	2.065	42.1663184394511
11.9	0.0225	2.065	42.1663184394511
12	0.021	2.07	42.1663184394511
12.1	0.0205	2.07	42.1663184394511
12.2	0.02	2.07	42.1663184394511
12.301	0.019	2.07	42.1663184394511
12.4	0.018	2.07	42.1663184394511
12.499	0.018	2.07	42.1663184394511
12.601	0.0175	2.07	42.1663184394511
12.7	0.017	2.075	42.1663184394511
12.8	0.0165	2.075	42.1663184394511
12.901	0.016	2.075	42.1663184394511
13	0.0155	2.075	42.1663184394511
13.101	0.015	2.075	42.0685233174999
13.201	0.015	2.075	42.0685233174999
13.3	0.0145	2.075	42.0685233174999
13.4	0.0145	2.075	42.0685233174999
13.501	0.0145	2.075	42.0685233174999
13.599	0.0145	2.075	42.0685233174999
13.701	0.0145	2.075	42.1663184394511
13.801	0.014	2.075	42.0685233174999
13.901	0.014	2.075	42.0685233174999
13.999	0.014	2.075	42.0685233174999
14.101	0.014	2.075	42.0685233174999
14.2	0.014	2.075	42.0685233174999
14.301	0.014	2.075	42.0685233174999
