MIN=0	0	-10	0	0	0	0	0	
MAX=160	10	10	1	1	7	100	5	
SCALE=50	2.5	5	0.5	0.5	5	50	1	
DEC=1	2	2	0	0	2	1	3	
DEF="Time" t / s	"Resistance" R_A1 / k&W	"Voltage" U_B1 / V	"Relay" R_1	"Voltage Source" S_1	"Voltage" U_B2 / V	"ang" ang	"Frequency" f / Hz	
0	6.725	0.345	0	0	0.113137085	-90.25719555	NAN	
0.1	6.725	-2.15	1	0	0.1232882801	-90.25719555	NAN	
0.201	6.725	-2.15	1	0	0.1334166406	-90.25719555	NAN	
0.301	6.725	-2.15	1	0	0.146116392	-90.25719555	NAN	
0.401	6.725	-2.15	1	0	0.1913112647	-90.25719555	NAN	
0.501	6.715	-2.15	1	0	0.2594224354	-89.86499733	NAN	
0.601	6.705	-2.15	1	0	0.28	-89.47279911	NAN	
0.701	6.7	-2.15	1	0	0.2745906044	-89.2767	NAN	
0.801	6.7	-2.15	1	0	0.1804161855	-89.2767	NAN	
0.901	6.7	-2.15	1	0	0.1798610575	-89.2767	NAN	
1.001	6.7	-2.15	1	0	0.1679285562	-89.2767	NAN	
1.101	6.7	-2.15	1	0	0.1164044673	-89.2767	NAN	
1.201	6.685	-2.15	1	0	0.0891627725	-88.68840267	NAN	
1.301	6.685	-2.15	1	0	0.09055385138	-88.68840267	NAN	
1.401	6.675	-2.15	1	0	0.1137980668	-88.29620445	NAN	
1.501	6.67	-2.15	1	0	0.07449832213	-88.10010534	NAN	
1.601	6.67	-2.15	1	0	0.0692820323	-88.10010534	NAN	
1.701	6.665	-2.15	1	0	0.08246211251	-87.90400623	NAN	
1.801	6.665	-2.15	1	0	0.05700877125	-87.90400623	NAN	
1.901	6.665	-2.15	1	0	0.05916079783	-87.90400623	NAN	
2.001	6.655	-2.15	1	0	0.0331662479	-87.51180801	NAN	
2.101	6.65	-2.15	1	0	0.05873670062	-87.3157089	NAN	
2.201	6.65	-2.15	1	0	0.09027735043	-87.3157089	NAN	
2.301	6.645	-2.15	1	0	0.1046422477	-87.11960979	NAN	
2.401	6.64	-2.15	1	0	0.1170469991	-86.92351068	NAN	
2.501	6.635	-2.15	1	0	0.1027131929	-86.72741157	NAN	
2.601	6.63	-2.15	1	0	0.07968688725	-86.53131246	NAN	
2.701	6.635	-2.15	1	0	0.05830951895	-86.72741157	NAN	
2.801	6.63	-2.15	1	0	0.08276472679	-86.53131246	NAN	
2.901	6.62	-2.15	1	0	0.1036822068	-86.13911424	NAN	
3.001	6.615	-2.15	1	0	0.1234908904	-85.94301513	NAN	
3.101	6.61	-2.15	1	0	0.1002496883	-85.74691602	NAN	
3.201	6.61	-2.15	1	0	0.08246211251	-85.74691602	NAN	
3.301	6.61	-2.15	1	0	0.04183300133	-85.74691602	NAN	
3.401	6.61	-2.15	1	0	0.06480740698	-85.74691602	NAN	
3.501	6.605	-2.15	1	0	0.05830951895	-85.55081691	NAN	
3.601	6.6	-2.15	1	0	0.03082207001	-85.3547178	NAN	
3.701	6.595	-2.15	1	0	0.04242640687	-85.15861869	NAN	
3.801	6.59	-2.15	1	0	0.04358898944	-84.96251958	NAN	
3.901	6.59	-2.15	1	0	0.05385164807	-84.96251958	NAN	
4.001	6.58	-2.15	1	0	0.0331662479	-84.57032136	NAN	
4.101	6.575	-2.15	1	0	0.0474341649	-84.37422225	NAN	
4.201	6.575	-2.15	1	0	0.0703562364	-84.37422225	NAN	
4.301	6.57	-2.15	1	0	0.0891627725	-84.17812314	NAN	
4.401	6.565	-2.15	1	0	0.1437010786	-83.98202403	NAN	
4.501	6.565	-2.15	1	0	0.1680773631	-83.98202403	NAN	
4.601	6.565	-2.15	1	0	0.3153569406	-83.98202403	NAN	
4.701	6.565	-2.15	1	0	0.3289376841	-83.98202403	NAN	
4.801	6.555	-2.15	1	0	0.2840774542	-83.58982581	NAN	
4.901	6.545	-2.15	1	0	0.2414539294	-83.19762759	NAN	
5.001	6.545	-2.15	1	0	0.1743559577	-83.19762759	NAN	
5.101	6.54	-2.15	1	0	0.1242980289	-83.00152848	NAN	
5.201	6.54	-2.15	1	0	0.1051189802	-83.00152848	NAN	
5.301	6.535	-2.15	1	0	0.1341640786	-82.80542937	NAN	
5.401	6.53	-2.15	1	0	0.1193733639	-82.60933026	NAN	
5.501	6.53	-2.15	1	0	0.08154753215	-82.60933026	NAN	
5.601	6.53	-2.15	1	0	0.05700877125	-82.60933026	NAN	
5.701	6.515	-2.15	1	0	0.04123105626	-82.02103293	NAN	
5.801	6.515	-2.15	1	0	0.05522680509	-82.02103293	NAN	
5.901	6.515	-2.15	1	0	0.085732141	-82.02103293	NAN	
6.001	6.5	-2.15	1	0	0.1280624847	-81.4327356	NAN	
6.101	6.5	-2.15	1	0	0.1894729532	-81.4327356	NAN	
6.201	6.495	-2.15	1	0	0.2416609195	-81.23663649	NAN	
6.301	6.495	-2.15	1	0	0.2604803256	-81.23663649	NAN	
6.401	6.485	-2.15	1	0	0.3009152705	-80.84443827	NAN	
6.501	6.485	-2.15	1	0	0.2917190429	-80.84443827	NAN	
6.601	6.48	-2.15	1	0	0.2893095228	-80.64833916	NAN	
6.701	6.475	-2.15	1	0	0.2785677655	-80.45224005	NAN	
6.801	6.475	-2.15	1	0	0.2108316864	-80.45224005	NAN	
6.901	6.47	-2.15	1	0	0.1336038922	-80.25614094	NAN	
7.001	6.47	-2.15	1	0	0.09772410143	-80.25614094	NAN	
7.101	6.47	-2.15	1	0	0.04062019202	-80.25614094	NAN	
7.201	6.46	-2.15	1	0	0.04	-79.86394272	NAN	
7.301	6.455	-2.15	1	0	0.03082207001	-79.66784361	NAN	
7.401	6.455	-2.15	1	0	0.02549509757	-79.66784361	NAN	
7.501	6.445	-2.15	1	0	0.04949747468	-79.27564539	NAN	
7.601	6.445	-2.15	1	0	0.05049752469	-79.27564539	NAN	
7.701	6.445	-2.15	1	0	0.04472135955	-79.27564539	NAN	
7.801	6.435	-2.15	1	0	0.05	-78.88344717	NAN	
7.901	6.425	-2.15	1	0	0.04949747468	-78.49124895	NAN	
8.001	6.425	-2.15	1	0	0.06708203932	-78.49124895	NAN	
8.101	6.425	-2.15	1	0	0.09460443964	-78.49124895	NAN	
8.201	6.42	-2.15	1	0	0.1274754878	-78.29514984	NAN	
8.301	6.415	-2.15	1	0	0.1843908891	-78.09905073	NAN	
8.401	6.415	-2.15	1	0	0.2163330765	-78.09905073	NAN	
8.501	6.41	-2.15	1	0	0.2587469807	-77.90295162	NAN	
8.601	6.41	-2.15	1	0	0.2583602137	-77.90295162	NAN	
8.701	6.41	-2.15	1	0	0.2095232684	-77.90295162	NAN	
8.801	6.395	-2.15	1	0	0.1981161276	-77.31465429	NAN	
8.901	6.39	-2.15	1	0	0.2456623699	-77.11855518	NAN	
9.001	6.39	-2.15	1	0	0.2323790008	-77.11855518	NAN	
9.101	6.39	-2.15	1	0	0.2293468988	-77.11855518	NAN	
9.201	6.385	-2.15	1	0	0.1793042108	-76.92245607	NAN	
9.301	6.375	-2.15	1	0	0.1387443693	-76.53025785	NAN	
9.401	6.37	-2.15	1	0	0.08485281374	-76.33415874	NAN	
9.501	6.365	-2.15	1	0	0.09	-76.13805963	NAN	
9.601	6.365	-2.15	1	0	0.05830951895	-76.13805963	NAN	
9.701	6.36	-2.15	1	0	0.03674234614	-75.94196052	NAN	
9.801	6.36	-2.15	1	0	0.03082207001	-75.94196052	NAN	
9.901	6.355	-2.15	1	0	0.04949747468	-75.74586141	NAN	
10.001	6.35	-2.15	1	0	0.05338539126	-75.5497623	NAN	
10.101	6.34	-2.15	1	0	0.0608276253	-75.15756408	NAN	
10.201	6.335	-2.15	1	0	0.04582575695	-74.96146497	NAN	
10.301	6.335	-2.15	1	0	0.03535533906	-74.96146497	NAN	
10.401	6.335	-2.15	1	0	0.05049752469	-74.96146497	NAN	
10.501	6.33	-2.15	1	0	0.1226784415	-74.76536586	NAN	
10.601	6.325	-2.15	1	0	0.1372953022	-74.56926675	NAN	
10.701	6.32	-2.15	1	0	0.2072438178	-74.37316764	NAN	
10.801	6.32	-2.15	1	0	0.2314087293	-74.37316764	NAN	
10.901	6.315	-2.15	1	0	0.2678619047	-74.17706853	NAN	
11.001	6.31	-2.15	1	0	0.2105943969	-73.98096942	NAN	
11.101	6.31	-2.15	1	0	0.2124852936	-73.98096942	NAN	
11.201	6.305	-2.15	1	0	0.2364318084	-73.78487031	NAN	
11.301	6.3	-2.15	1	0	0.2038381711	-73.5887712	NAN	
11.401	6.29	-2.15	1	0	0.1915724406	-73.19657298	NAN	
11.501	6.29	-2.15	1	0	0.1407124728	-73.19657298	NAN	
11.601	6.285	-2.15	1	0	0.113137085	-73.00047387	NAN	
11.701	6.28	-2.15	1	0	0.1019803903	-72.80437476	NAN	
11.801	6.28	-2.15	1	0	0.1063014581	-72.80437476	NAN	
11.901	6.275	-2.15	1	0	0.09486832981	-72.60827565	NAN	
12.001	6.275	-2.15	1	0	0.1004987562	-72.60827565	NAN	
12.101	6.27	-2.15	1	0	0.1440486029	-72.41217654	NAN	
12.201	6.265	-2.15	1	0	0.1774823935	-72.21607743	NAN	
12.301	6.26	-2.15	1	0	0.1618641406	-72.01997832	NAN	
12.401	6.255	-2.15	1	0	0.1948075974	-71.82387921	NAN	
12.501	6.25	-2.15	1	0	0.1955760722	-71.6277801	NAN	
12.601	6.25	-2.15	1	0	0.2204540769	-71.6277801	NAN	
12.701	6.245	-2.15	1	0	0.2559296778	-71.43168099	NAN	
12.801	6.24	-2.15	1	0	0.2902585055	-71.23558188	NAN	
12.901	6.235	-2.15	1	0	0.3731621631	-71.03948277	NAN	
13.001	6.23	-2.15	1	0	0.3887801435	-70.84338366	NAN	
13.101	6.23	-2.15	1	0	0.3420526275	-70.84338366	NAN	
13.201	6.225	-2.15	1	0	0.272855273	-70.64728455	NAN	
13.301	6.225	-2.15	1	0	0.2436185543	-70.64728455	NAN	
13.401	6.22	-2.15	1	0	0.2893095228	-70.45118544	NAN	
13.501	6.215	-2.15	1	0	0.3375648086	-70.25508633	NAN	
13.601	6.21	-2.15	1	0	0.2955503341	-70.05898722	NAN	
13.701	6.21	-2.15	1	0	0.3467708177	-70.05898722	NAN	
13.801	6.205	-2.15	1	0	0.2990819286	-69.86288811	NAN	
13.901	6.2	-2.15	1	0	0.2600961361	-69.666789	NAN	
14.001	6.195	-2.15	1	0	0.2541653005	-69.47068989	NAN	
14.101	6.195	-2.15	1	0	0.274226184	-69.47068989	NAN	
14.201	6.19	-2.15	1	0	0.2639128644	-69.27459078	NAN	
14.301	6.185	-2.15	1	0	0.3576310948	-69.07849167	NAN	
14.401	6.18	-2.15	1	0	0.3479224051	-68.88239256	NAN	
14.501	6.18	-2.15	1	0	0.2714774392	-68.88239256	NAN	
14.601	6.18	-2.15	1	0	0.2023610634	-68.88239256	NAN	
14.701	6.175	-2.15	1	0	0.2335594143	-68.68629345	NAN	
14.801	6.17	-2.15	1	0	0.2472852604	-68.49019434	NAN	
14.901	6.165	-2.15	1	0	0.2482941804	-68.29409523	NAN	
15.001	6.16	-2.15	1	0	0.2004993766	-68.09799612	NAN	
15.101	6.16	-2.15	1	0	0.2279254264	-68.09799612	NAN	
15.201	6.155	-2.15	1	0	0.1971040334	-67.90189701	NAN	
15.301	6.15	-2.15	1	0	0.1691153453	-67.7057979	NAN	
15.401	6.145	-2.15	1	0	0.121449578	-67.50969879	NAN	
15.501	6.14	-2.15	1	0	0.1767766953	-67.31359968	NAN	
15.601	6.14	-2.15	1	0	0.1516575089	-67.31359968	NAN	
15.701	6.135	-2.15	1	0	0.1102270384	-67.11750057	NAN	
15.801	6.13	-2.15	1	0	0.117260394	-66.92140146	NAN	
15.901	6.13	-2.15	1	0	0.07681145748	-66.92140146	NAN	
16.001	6.13	-2.15	1	0	0.07	-66.92140146	NAN	
16.101	6.12	-2.15	1	0	0.09643650761	-66.52920324	NAN	
16.201	6.115	-2.15	1	0	0.05	-66.33310413	NAN	
16.301	6.115	-2.15	1	0	0.03082207001	-66.33310413	NAN	
16.401	6.11	-2.15	1	0	0.02738612788	-66.13700502	NAN	
16.501	6.105	-2.15	1	0	0.05244044241	-65.94090591	NAN	
16.601	6.105	-2.15	1	0	0.05	-65.94090591	NAN	
16.701	6.095	-2.15	1	0	0.05787918451	-65.54870769	NAN	
16.801	6.095	-2.15	1	0	0.06041522987	-65.54870769	NAN	
16.901	6.09	-2.15	1	0	0.04242640687	-65.35260858	NAN	
17.001	6.085	-2.15	1	0	0.03535533906	-65.15650947	NAN	
17.101	6.085	-2.15	1	0	0.06244997998	-65.15650947	NAN	
17.201	6.08	-2.15	1	0	0.09539392014	-64.96041036	NAN	
17.301	6.075	-2.15	1	0	0.121449578	-64.76431125	NAN	
17.401	6.075	-2.15	1	0	0.1268857754	-64.76431125	NAN	
17.501	6.07	-2.15	1	0	0.1309580085	-64.56821214	NAN	
17.601	6.065	-2.15	1	0	0.1919635382	-64.37211303	NAN	
17.701	6.06	-2.15	1	0	0.1332291259	-64.17601392	NAN	
17.801	6.055	-2.15	1	0	0.1063014581	-63.97991481	NAN	
17.901	6.055	-2.15	1	0	0.1294217911	-63.97991481	NAN	
18.001	6.05	-2.15	1	0	0.06284902545	-63.7838157	NAN	
18.101	6.045	-2.15	1	0	0.06782329983	-63.58771659	NAN	
18.201	6.04	-2.15	1	0	0.09565563235	-63.39161748	NAN	
18.301	6.04	-2.15	1	0	0.1437010786	-63.39161748	NAN	
18.401	6.035	-2.15	1	0	0.1077032961	-63.19551837	NAN	
18.501	6.03	-2.15	1	0	0.1665833125	-62.99941926	NAN	
18.601	6.03	-2.15	1	0	0.146628783	-62.99941926	NAN	
18.701	6.025	-2.15	1	0	0.1027131929	-62.80332015	NAN	
18.801	6.02	-2.15	1	0	0.1753567792	-62.60722104	NAN	
18.901	6.015	-2.15	1	0	0.115974135	-62.41112193	NAN	
19.001	6.015	-2.15	1	0	0.05477225575	-62.41112193	NAN	
19.101	6.01	-2.15	1	0	0.06123724357	-62.21502282	NAN	
19.201	6.005	-2.15	1	0	0.08888194417	-62.01892371	NAN	
19.301	6	-2.15	1	0	0.1155422001	-61.8228246	NAN	
19.401	6	-2.15	1	0	0.0703562364	-61.8228246	NAN	
19.501	5.995	-2.15	1	0	0.05656854249	-61.62672549	NAN	
19.601	5.99	-2.15	1	0	0.04847679857	-61.43062638	NAN	
19.701	5.99	-2.15	1	0	0.1562049935	-61.43062638	NAN	
19.801	5.985	-2.15	1	0	0.2393741841	-61.23452727	NAN	
19.901	5.98	-2.15	1	0	0.3733630941	-61.03842816	NAN	
20.001	5.975	-2.15	1	0	0.4369782603	-60.84232905	NAN	
20.101	5.97	-2.15	1	0	0.5358637887	-60.64622994	NAN	
20.201	5.97	-2.15	1	0	0.6889847604	-60.64622994	NAN	
20.301	5.965	-2.15	1	0	0.7404390589	-60.45013083	NAN	
20.401	5.96	-2.15	1	0	0.8356733812	-60.25403172	NAN	
20.501	5.955	-2.15	1	0	0.8645808233	-60.05793261	NAN	
20.601	5.95	-2.15	1	0	0.8564461454	-59.8618335	NAN	
20.701	5.95	-2.15	1	0	0.824772696	-59.8618335	NAN	
20.801	5.945	-2.15	1	0	0.7566703377	-59.66573439	NAN	
20.901	5.945	-2.15	1	0	0.7166240297	-59.66573439	NAN	
21.001	5.94	-2.15	1	0	0.6581413222	-59.46963528	NAN	
21.101	5.935	-2.15	1	0	0.523115666	-59.27353617	NAN	
21.201	5.93	-2.15	1	0	0.4082278775	-59.07743706	NAN	
21.301	5.925	-2.15	1	0	0.1955760722	-58.88133795	NAN	
21.401	5.925	-2.15	1	0	0.08246211251	-58.88133795	NAN	
21.501	5.92	-2.15	1	0	0.164924225	-58.68523884	NAN	
21.601	5.915	-2.15	1	0	0.3358571125	-58.48913973	NAN	
21.701	5.915	-2.15	1	0	0.5845938761	-58.48913973	NAN	
21.801	5.91	-2.15	1	0	0.7972452571	-58.29304062	NAN	
21.901	5.905	-2.15	1	0	0.9073588044	-58.09694151	NAN	
22.001	5.9	-2.15	1	0	0.9113725912	-57.9008424	NAN	
22.101	5.895	-2.15	1	0	0.8652456299	-57.70474329	NAN	
22.201	5.895	-2.15	1	0	0.8103702857	-57.70474329	NAN	
22.301	5.89	-2.15	1	0	0.81	-57.50864418	NAN	
22.401	5.89	-2.15	1	0	0.7367835503	-57.50864418	NAN	
22.501	5.885	-2.15	1	0	0.5993746741	-57.31254507	NAN	
22.601	5.88	-2.15	1	0	0.544885309	-57.11644596	NAN	
22.701	5.875	-2.15	1	0	0.3295451411	-56.92034685	NAN	
22.801	5.87	-2.15	1	0	0.4642197755	-56.72424774	NAN	
22.901	5.87	-2.15	1	0	0.7574628704	-56.72424774	NAN	
23.001	5.865	-2.15	1	0	0.8792894859	-56.52814863	NAN	
23.101	5.86	-2.15	1	0	0.9532313465	-56.33204952	NAN	
23.201	5.86	-2.15	1	0	0.9922953189	-56.33204952	NAN	
23.301	5.855	-2.15	1	0	1.004440143	-56.13595041	NAN	
23.401	5.855	-2.15	1	0	0.9940573424	-56.13595041	NAN	
23.501	5.85	-2.15	1	0	0.9852918349	-55.9398513	NAN	
23.601	5.845	-2.15	1	0	1.021738714	-55.74375219	NAN	
23.701	5.84	-2.15	1	0	1.036990839	-55.54765308	NAN	
23.801	5.84	-2.15	1	0	1.035905401	-55.54765308	NAN	
23.901	5.835	-2.15	1	0	1.010569147	-55.35155397	NAN	
24.001	5.83	-2.15	1	0	0.9592966173	-55.15545486	NAN	
24.101	5.825	-2.15	1	0	0.939840412	-54.95935575	NAN	
24.201	5.825	-2.15	1	0	0.9137559849	-54.95935575	NAN	
24.301	5.815	-2.15	1	0	0.933702308	-54.56715753	NAN	
24.401	5.815	-2.15	1	0	0.9781359824	-54.56715753	NAN	
24.501	5.81	-2.15	1	0	1.023791971	-54.37105842	NAN	
24.601	5.805	-2.15	1	0	1.052687038	-54.17495931	NAN	
24.701	5.805	-2.15	1	0	1.056882207	-54.17495931	NAN	
24.801	5.8	-2.15	1	0	1.043216181	-53.9788602	NAN	
24.901	5.795	-2.15	1	0	0.992975327	-53.78276109	NAN	
25.001	5.79	-2.15	1	0	0.9447486438	-53.58666198	NAN	
25.101	5.79	-2.15	1	0	0.9382963285	-53.58666198	NAN	
25.201	5.785	-2.15	1	0	0.9395743717	-53.39056287	NAN	
25.301	5.78	-2.15	1	0	0.9649093222	-53.19446376	NAN	
25.401	5.775	-2.15	1	0	0.9847588537	-52.99836465	NAN	
25.501	5.775	-2.15	1	0	0.990782519	-52.99836465	NAN	
25.601	5.77	-2.15	1	0	0.9739353161	-52.80226554	NAN	
25.701	5.765	-2.15	1	0	0.9130169768	-52.60616643	NAN	
25.801	5.765	-2.15	1	0	0.8393449827	-52.60616643	NAN	
25.901	5.76	-2.15	1	0	0.8265288864	-52.41006732	NAN	
26.001	5.755	-2.15	1	0	0.7973706792	-52.21396821	NAN	
26.101	5.755	-2.15	1	0	0.7144928271	-52.21396821	NAN	
26.201	5.75	-2.15	1	0	0.4880061475	-52.0178691	NAN	
26.301	5.745	-2.15	1	0	0.3021588986	-51.82176999	NAN	
26.401	5.74	-2.15	1	0	0.3593744565	-51.62567088	NAN	
26.501	5.74	-2.15	1	0	0.4490545624	-51.62567088	NAN	
26.601	5.735	-2.15	1	0	0.4314510401	-51.42957177	NAN	
26.701	5.73	-2.15	1	0	0.4126742056	-51.23347266	NAN	
26.801	5.73	-2.15	1	0	0.2930017065	-51.23347266	NAN	
26.901	5.725	-2.15	1	0	0.1027131929	-51.03737355	NAN	
27.001	5.72	-2.15	1	0	0.1624807681	-50.84127444	NAN	
27.101	5.715	-2.15	1	0	0.3539067674	-50.64517533	NAN	
27.201	5.715	-2.15	1	0	0.3839270764	-50.64517533	NAN	
27.301	5.71	-2.15	1	0	0.2478911051	-50.44907622	NAN	
27.401	5.71	-2.15	1	0	0.07937253933	-50.44907622	NAN	
27.501	5.705	-2.15	1	0	0.07874007874	-50.25297711	NAN	
27.601	5.7	-2.15	1	0	0.17958285	-50.056878	NAN	
27.701	5.695	-2.15	1	0	0.2791057147	-49.86077889	NAN	
27.801	5.695	-2.15	1	0	0.2409356761	-49.86077889	NAN	
27.901	5.69	-2.15	1	0	0.129034879	-49.66467978	NAN	
28.001	5.685	-2.15	1	0	0.08544003745	-49.46858067	NAN	
28.101	5.68	-2.15	1	0	0.09772410143	-49.27248156	NAN	
28.201	5.68	-2.15	1	0	0.08660254038	-49.27248156	NAN	
28.301	5.675	-2.15	1	0	0.05958187644	-49.07638245	NAN	
28.401	5.665	-2.15	1	0	0.09460443964	-48.68418423	NAN	
28.501	5.665	-2.15	1	0	0.1027131929	-48.68418423	NAN	
28.601	5.66	-2.15	1	0	0.05916079783	-48.48808512	NAN	
28.701	5.655	-2.15	1	0	0.0234520788	-48.29198601	NAN	
28.801	5.65	-2.15	1	0	0.0234520788	-48.0958869	NAN	
28.901	5.65	-2.15	1	0	0.04183300133	-48.0958869	NAN	
29.001	5.645	-2.15	1	0	0.06	-47.89978779	NAN	
29.101	5.64	-2.15	1	0	0.1276714533	-47.70368868	NAN	
29.201	5.64	-2.15	1	0	0.2068816087	-47.70368868	NAN	
29.301	5.635	-2.15	1	0	0.28609439	-47.50758957	NAN	
29.401	5.63	-2.15	1	0	0.3422718218	-47.31149046	NAN	
29.501	5.625	-2.15	1	0	0.4182104733	-47.11539135	NAN	
29.601	5.625	-2.15	1	0	0.4644351408	-47.11539135	NAN	
29.701	5.615	-2.15	1	0	0.3993119082	-46.72319313	NAN	
29.801	5.615	-2.15	1	0	0.3757658846	-46.72319313	NAN	
29.901	5.615	-2.15	1	0	0.4578755289	-46.72319313	NAN	
30.001	5.61	-2.15	1	0	0.561248608	-46.52709402	NAN	
30.101	5.605	-2.15	1	0	0.5836951259	-46.33099491	NAN	
30.201	5.6	-2.15	1	0	0.5701315638	-46.1348958	NAN	
30.301	5.6	-2.15	1	0	0.5290557627	-46.1348958	NAN	
30.401	5.595	-2.15	1	0	0.5747608198	-45.93879669	NAN	
30.501	5.59	-2.15	1	0	0.5486802347	-45.74269758	NAN	
30.601	5.585	-2.15	1	0	0.4710626285	-45.54659847	NAN	
30.701	5.585	-2.15	1	0	0.3500714213	-45.54659847	NAN	
30.801	5.58	-2.15	1	0	0.3268791826	-45.35049936	NAN	
30.901	5.575	-2.15	1	0	0.2386419913	-45.15440025	NAN	
31.001	5.57	-2.15	1	0	0.2393741841	-44.95830114	NAN	
31.101	5.57	-2.15	1	0	0.1589024858	-44.95830114	NAN	
31.201	5.57	-2.15	1	0	0.09246621004	-44.95830114	NAN	
31.301	5.565	-2.15	1	0	0.09565563235	-44.76220203	NAN	
31.401	5.56	-2.15	1	0	0.12	-44.56610292	NAN	
31.501	5.555	-2.15	1	0	0.08093207028	-44.37000381	NAN	
31.601	5.55	-2.15	1	0	0.04415880433	-44.1739047	NAN	
31.701	5.55	-2.15	1	0	0.02121320344	-44.1739047	NAN	
31.801	5.545	-2.15	1	0	0.03872983346	-43.97780559	NAN	
31.901	5.54	-2.15	1	0	0.05196152423	-43.78170648	NAN	
32.001	5.54	-2.15	1	0	0.03082207001	-43.78170648	NAN	
32.101	5.535	-2.15	1	0	0.02236067977	-43.58560737	NAN	
32.201	5.53	-2.15	1	0	0.06403124237	-43.38950826	NAN	
32.301	5.525	-2.15	1	0	0.1658312395	-43.19340915	NAN	
32.401	5.525	-2.15	1	0	0.2253885534	-43.19340915	NAN	
32.501	5.52	-2.15	1	0	0.18734994	-42.99731004	NAN	
32.601	5.515	-2.15	1	0	0.1604680654	-42.80121093	NAN	
32.701	5.51	-2.15	1	0	0.1022252415	-42.60511182	NAN	
32.801	5.505	-2.15	1	0	0.07516648189	-42.40901271	NAN	
32.901	5.505	-2.15	1	0	0.06244997998	-42.40901271	NAN	
33.001	5.505	-2.15	1	0	0.0469041576	-42.40901271	NAN	
33.101	5.495	-2.15	1	0	0.07778174593	-42.01681449	NAN	
33.201	5.49	-2.15	1	0	0.09300537619	-41.82071538	NAN	
33.301	5.485	-2.15	1	0	0.1850675552	-41.62461627	NAN	
33.401	5.48	-2.15	1	0	0.1926136028	-41.42851716	NAN	
33.501	5.48	-2.15	1	0	0.1682260384	-41.42851716	NAN	
33.601	5.475	-2.15	1	0	0.1759261209	-41.23241805	NAN	
33.701	5.475	-2.15	1	0	0.178465683	-41.23241805	NAN	
33.801	5.47	-2.15	1	0	0.1334166406	-41.03631894	NAN	
33.901	5.47	-2.15	1	0	0.17958285	-41.03631894	NAN	
34.001	5.46	-2.15	1	0	0.2062765134	-40.64412072	NAN	
34.101	5.46	-2.15	1	0	0.3235737937	-40.64412072	NAN	
34.201	5.455	-2.15	1	0	0.397429239	-40.44802161	NAN	
34.301	5.45	-2.15	1	0	0.5375872022	-40.2519225	NAN	
34.401	5.445	-2.15	1	0	0.5793099343	-40.05582339	NAN	
34.501	5.445	-2.15	1	0	0.6315457228	-40.05582339	NAN	
34.601	5.44	-2.15	1	0	0.7263607919	-39.85972428	NAN	
34.701	5.435	-2.15	1	0	0.8063187955	-39.66362517	NAN	
34.801	5.43	-2.15	1	0	0.7436060785	-39.46752606	NAN	
34.901	5.43	-2.15	1	0	0.7150524456	-39.46752606	NAN	
35.001	5.425	-2.15	1	0	0.7151223672	-39.27142695	NAN	
35.101	5.425	-2.15	1	0	0.6162385902	-39.27142695	NAN	
35.201	5.42	-2.15	1	0	0.5375872022	-39.07532784	NAN	
35.301	5.415	-2.15	1	0	0.474605099	-38.87922873	NAN	
35.401	5.41	-2.15	1	0	0.3622844187	-38.68312962	NAN	
35.501	5.405	-2.15	1	0	0.2846049894	-38.48703051	NAN	
35.601	5.4	-2.15	1	0	0.2946183973	-38.2909314	NAN	
35.701	5.4	-2.15	1	0	0.2751363298	-38.2909314	NAN	
35.801	5.395	-2.15	1	0	0.3029026246	-38.09483229	NAN	
35.901	5.39	-2.15	1	0	0.4441283598	-37.89873318	NAN	
36.001	5.39	-2.15	1	0	0.5852349955	-37.89873318	NAN	
36.101	5.385	-2.15	1	0	0.6724209991	-37.70263407	NAN	
36.201	5.385	-2.15	1	0	0.7640680598	-37.70263407	NAN	
36.301	5.38	-2.15	1	0	0.7498333148	-37.50653496	NAN	
36.401	5.375	-2.15	1	0	0.7977154881	-37.31043585	NAN	
36.501	5.37	-2.15	1	0	0.8410410216	-37.11433674	NAN	
36.601	5.365	-2.15	1	0	0.8717511113	-36.91823763	NAN	
36.701	5.365	-2.15	1	0	0.7983107165	-36.91823763	NAN	
36.801	5.36	-2.15	1	0	0.8169149283	-36.72213852	NAN	
36.901	5.355	-2.15	1	0	0.7020683727	-36.52603941	NAN	
37.001	5.35	-2.15	1	0	0.6047313453	-36.3299403	NAN	
37.101	5.35	-2.15	1	0	0.4904589687	-36.3299403	NAN	
37.201	5.345	-2.15	1	0	0.3774917218	-36.13384119	NAN	
37.301	5.34	-2.15	1	0	0.3774254893	-35.93774208	NAN	
37.401	5.335	-2.15	1	0	0.4539823785	-35.74164297	NAN	
37.501	5.335	-2.15	1	0	0.6565059025	-35.74164297	NAN	
37.601	5.33	-2.15	1	0	0.7817928114	-35.54554386	NAN	
37.701	5.325	-2.15	1	0	0.8145244011	-35.34944475	NAN	
37.801	5.32	-2.15	1	0	0.8843641784	-35.15334564	NAN	
37.901	5.32	-2.15	1	0	0.9542798332	-35.15334564	NAN	
38.001	5.315	-2.15	1	0	1.037039054	-34.95724653	NAN	
38.101	5.31	-2.15	1	0	1.101771301	-34.76114742	NAN	
38.201	5.31	-2.15	1	0	1.152432211	-34.76114742	NAN	
38.301	5.305	-2.15	1	0	1.17513829	-34.56504831	NAN	
38.401	5.3	-2.15	1	0	1.205321534	-34.3689492	NAN	
38.501	5.295	-2.15	1	0	1.232740849	-34.17285009	NAN	
38.601	5.29	-2.15	1	0	1.24761773	-33.97675098	NAN	
38.701	5.29	-2.15	1	0	1.263249777	-33.97675098	NAN	
38.801	5.285	-2.15	1	0	1.274480286	-33.78065187	NAN	
38.901	5.285	-2.15	1	0	1.291336517	-33.78065187	NAN	
39.001	5.28	-2.15	1	0	1.295627261	-33.58455276	NAN	
39.101	5.275	-2.15	1	0	1.307746153	-33.38845365	NAN	
39.201	5.27	-2.15	1	0	1.310343466	-33.19235454	NAN	
39.301	5.265	-2.15	1	0	1.311201739	-32.99625543	NAN	
39.401	5.26	-2.15	1	0	1.302113666	-32.80015632	NAN	
39.501	5.255	-2.15	1	0	1.299903843	-32.60405721	NAN	
39.601	5.255	-2.15	1	0	1.289612345	-32.60405721	NAN	
39.701	5.25	-2.15	1	0	1.278221421	-32.4079581	NAN	
39.801	5.25	-2.15	1	0	1.260495934	-32.4079581	NAN	
39.901	5.245	-2.15	1	0	1.244548111	-32.21185899	NAN	
40.001	5.24	-2.15	1	0	1.21893396	-32.01575988	NAN	
40.101	5.24	-2.15	1	0	1.196244122	-32.01575988	NAN	
40.201	5.23	-2.15	1	0	1.170299107	-31.62356166	NAN	
40.301	5.225	-2.15	1	0	1.130420276	-31.42746255	NAN	
40.401	5.225	-2.15	1	0	1.106752005	-31.42746255	NAN	
40.501	5.22	-2.15	1	0	1.063108649	-31.23136344	NAN	
40.601	5.215	-2.15	1	0	1.009801961	-31.03526433	NAN	
40.701	5.21	-2.15	1	0	0.9166242414	-30.83916522	NAN	
40.801	5.21	-2.15	1	0	0.7578918129	-30.83916522	NAN	
40.901	5.205	-2.15	1	0	0.5348831648	-30.64306611	NAN	
41.001	5.205	-2.15	1	0	0.2655183609	-30.64306611	NAN	
41.101	5.2	-2.15	1	0	0.04123105626	-30.446967	NAN	
41.201	5.195	-2.15	1	0	0.08514693183	-30.25086789	NAN	
41.301	5.195	-2.15	1	0	0.08972179222	-30.25086789	NAN	
41.401	5.185	-2.15	1	0	0.113137085	-29.85866967	NAN	
41.501	5.18	-2.15	1	0	0.1539480432	-29.66257056	NAN	
41.601	5.18	-2.15	1	0	0.1920937271	-29.66257056	NAN	
41.701	5.175	-2.15	1	0	0.1378404875	-29.46647145	NAN	
41.801	5.17	-2.15	1	0	0.1063014581	-29.27037234	NAN	
41.901	5.17	-2.15	1	0	0.08774964387	-29.27037234	NAN	
42.001	5.165	-2.15	1	0	0.1382027496	-29.07427323	NAN	
42.101	5.16	-2.15	1	0	0.1513274595	-28.87817412	NAN	
42.201	5.155	-2.15	1	0	0.18069311	-28.68207501	NAN	
42.301	5.155	-2.15	1	0	0.3059411708	-28.68207501	NAN	
42.401	5.15	-2.15	1	0	0.466851154	-28.4859759	NAN	
42.501	5.145	-2.15	1	0	0.5795688052	-28.28987679	NAN	
42.601	5.145	-2.15	1	0	0.6236585604	-28.28987679	NAN	
42.701	5.14	-2.15	1	0	0.6304363568	-28.09377768	NAN	
42.801	5.14	-2.15	1	0	0.6923871749	-28.09377768	NAN	
42.901	5.13	-2.15	1	0	0.6038625671	-27.70157946	NAN	
43.001	5.13	-2.15	1	0	0.6041936776	-27.70157946	NAN	
43.101	5.125	-2.15	1	0	0.59	-27.50548035	NAN	
43.201	5.12	-2.15	1	0	0.6274950199	-27.30938124	NAN	
43.301	5.115	-2.15	1	0	0.6536818798	-27.11328213	NAN	
43.401	5.11	-2.15	1	0	0.6090976933	-26.91718302	NAN	
43.501	5.11	-2.15	1	0	0.4838388161	-26.91718302	NAN	
43.61	5.11	-2.15	1	0	0.29	-26.91718302	NAN	
43.701	5.105	-2.15	1	0	0.2214723459	-26.72108391	NAN	
43.801	5.095	-2.15	1	0	0.1334166406	-26.32888569	NAN	
43.901	5.095	-2.15	1	0	0.09	-26.32888569	NAN	
44.001	5.09	-2.15	1	0	0.02236067977	-26.13278658	NAN	
44.101	5.085	-2.15	1	0	0.03464101615	-25.93668747	NAN	
44.201	5.085	-2.15	1	0	0.0891627725	-25.93668747	NAN	
44.301	5.08	-2.15	1	0	0.1193733639	-25.74058836	NAN	
44.401	5.075	-2.15	1	0	0.1456021978	-25.54448925	NAN	
44.501	5.07	-2.15	1	0	0.09486832981	-25.34839014	NAN	
44.601	5.065	-2.15	1	0	0.07245688373	-25.15229103	NAN	
44.701	5.06	-2.15	1	0	0.1230853363	-24.95619192	NAN	
44.801	5.06	-2.15	1	0	0.1804161855	-24.95619192	NAN	
44.901	5.055	-2.15	1	0	0.236326046	-24.76009281	NAN	
45.001	5.055	-2.15	1	0	0.1587450787	-24.76009281	NAN	
45.101	5.045	-2.15	1	0	0.1369306394	-24.36789459	NAN	
45.201	5.045	-2.15	1	0	0.1349073756	-24.36789459	NAN	
45.301	5.04	-2.15	1	0	0.09565563235	-24.17179548	NAN	
45.401	5.04	-2.15	1	0	0.07615773106	-24.17179548	NAN	
45.501	5.035	-2.15	1	0	0.1012422837	-23.97569637	NAN	
45.601	5.03	-2.15	1	0	0.2109502311	-23.77959726	NAN	
45.701	5.03	-2.15	1	0	0.2455605832	-23.77959726	NAN	
45.801	5.025	-2.15	1	0	0.2442334948	-23.58349815	NAN	
45.901	5.025	-2.15	1	0	0.2556364606	-23.58349815	NAN	
46.001	5.01	-2.15	1	0	0.2480927246	-22.99520082	NAN	
46.101	5.01	-2.15	1	0	0.2501999201	-22.99520082	NAN	
46.201	5.01	-2.15	1	0	0.260672208	-22.99520082	NAN	
46.301	5.01	-2.15	1	0	0.2820460955	-22.99520082	NAN	
46.401	5.005	-2.15	1	0	0.3602776707	-22.79910171	NAN	
46.501	5	-2.15	1	0	0.5382843115	-22.6030026	NAN	
46.601	5	-2.15	1	0	0.7761443165	-22.6030026	NAN	
46.701	4.99	-2.15	1	0	0.9088729284	-22.21080438	NAN	
46.801	4.99	-2.15	1	0	0.9837682654	-22.21080438	NAN	
46.901	4.985	-2.15	1	0	1.020490078	-22.01470527	NAN	
47.001	4.98	-2.15	1	0	1.039711498	-21.81860616	NAN	
47.101	4.975	-2.15	1	0	1.027350962	-21.62250705	NAN	
47.201	4.975	-2.15	1	0	1.013632083	-21.62250705	NAN	
47.301	4.975	-2.15	1	0	0.9990495483	-21.62250705	NAN	
47.401	4.97	-2.15	1	0	0.9326574934	-21.42640794	NAN	
47.501	4.97	-2.15	1	0	0.8703447593	-21.42640794	NAN	
47.601	4.965	-2.15	1	0	0.7178439942	-21.23030883	NAN	
47.701	4.965	-2.15	1	0	0.3962953444	-21.23030883	NAN	
47.801	4.955	-2.15	1	0	0.1272792206	-20.83811061	NAN	
47.901	4.95	-2.15	1	0	0.2725802634	-20.6420115	NAN	
48.001	4.945	-2.15	1	0	0.5441966556	-20.44591239	NAN	
48.101	4.94	-2.15	1	0	0.7887014644	-20.24981328	NAN	
48.201	4.94	-2.15	1	0	0.9262828942	-20.24981328	NAN	
48.301	4.935	-2.15	1	0	0.9853933225	-20.05371417	NAN	
48.401	4.935	-2.15	1	0	1.00834022	-20.05371417	NAN	
48.501	4.93	-2.15	1	0	1.023059138	-19.85761506	NAN	
48.601	4.925	-2.15	1	0	1.05064266	-19.66151595	NAN	
48.701	4.925	-2.15	1	0	1.059150603	-19.66151595	NAN	
48.801	4.915	-2.15	1	0	1.03788246	-19.26931773	NAN	
48.901	4.91	-2.15	1	0	0.9909843591	-19.07321862	NAN	
49.001	4.91	-2.15	1	0	0.9151229426	-19.07321862	NAN	
49.101	4.905	-2.15	1	0	0.8774679481	-18.87711951	NAN	
49.201	4.9	-2.15	1	0	0.8521736912	-18.6810204	NAN	
49.301	4.895	-2.15	1	0	0.7709734107	-18.48492129	NAN	
49.401	4.89	-2.15	1	0	0.9061456837	-18.28882218	NAN	
49.501	4.885	-2.15	1	0	1.070934172	-18.09272307	NAN	
49.601	4.885	-2.15	1	0	1.18120701	-18.09272307	NAN	
49.701	4.885	-2.15	1	0	1.256105091	-18.09272307	NAN	
49.801	4.885	-2.15	1	0	1.331915913	-18.09272307	NAN	
49.901	4.885	-2.15	1	0	1.387083271	-18.09272307	NAN	
50.001	4.87	-2.15	1	0	1.404688578	-17.50442574	NAN	
50.101	4.86	-2.15	1	0	1.427410242	-17.11222752	NAN	
50.201	4.86	-2.15	1	0	1.440295109	-17.11222752	NAN	
50.301	4.855	-2.15	1	0	1.449948275	-16.91612841	NAN	
50.401	4.85	-2.15	1	0	1.454819576	-16.7200293	NAN	
50.501	4.85	-2.15	1	0	1.459160718	-16.7200293	NAN	
50.601	4.845	-2.15	1	0	1.459537598	-16.52393019	NAN	
50.701	4.84	-2.15	1	0	1.459845882	-16.32783108	NAN	
50.801	4.835	-2.15	1	0	1.459691748	-16.13173197	NAN	
50.901	4.825	-2.15	1	0	1.455506785	-15.73953375	NAN	
51.001	4.825	-2.15	1	0	1.449655131	-15.73953375	NAN	
51.101	4.82	-2.15	1	0	1.439461705	-15.54343464	NAN	
51.201	4.82	-2.15	1	0	1.423885529	-15.54343464	NAN	
51.301	4.815	-2.15	1	0	1.401909412	-15.34733553	NAN	
51.401	4.805	-2.15	1	0	1.385568475	-14.95513731	NAN	
51.501	4.805	-2.15	1	0	1.336712385	-14.95513731	NAN	
51.601	4.8	-2.15	1	0	1.268916861	-14.7590382	NAN	
51.701	4.8	-2.15	1	0	1.207952814	-14.7590382	NAN	
51.801	4.795	-2.15	1	0	1.144421251	-14.56293909	NAN	
51.901	4.79	-2.15	1	0	1.061155031	-14.36683998	NAN	
52.001	4.785	-2.15	1	0	0.9368030743	-14.17074087	NAN	
52.101	4.78	-2.15	1	0	0.6515366452	-13.97464176	NAN	
52.201	4.775	-2.15	1	0	0.3220248438	-13.77854265	NAN	
52.301	4.765	-2.15	1	0	0.2138924964	-13.38634443	NAN	
52.401	4.765	-2.15	1	0	0.1598436736	-13.38634443	NAN	
52.501	4.765	-2.15	1	0	0.2156385865	-13.38634443	NAN	
52.601	4.76	-2.15	1	0	0.2474873734	-13.19024532	NAN	
52.715	4.76	-2.15	1	0	0.2318404624	-13.19024532	NAN	
52.809	4.76	-2.15	1	0	0.2342007686	-13.19024532	NAN	
52.901	4.76	-2.15	1	0	0.2218107301	-13.19024532	NAN	
53.001	4.745	-2.15	1	0	0.2953811098	-12.60194799	NAN	
53.101	4.735	-2.15	1	0	0.3127299154	-12.20974977	NAN	
53.201	4.735	-2.15	1	0	0.3958535083	-12.20974977	NAN	
53.301	4.735	-2.15	1	0	0.4850773134	-12.20974977	NAN	
53.401	4.735	-2.15	1	0	0.5710516614	-12.20974977	NAN	
53.501	4.73	-2.15	1	0	0.6340346994	-12.01365066	NAN	
53.601	4.73	-2.15	1	0	0.6990350492	-12.01365066	NAN	
53.701	4.725	-2.15	1	0	0.645368112	-11.81755155	NAN	
53.801	4.715	-2.15	1	0	0.560669243	-11.42535333	NAN	
53.901	4.71	-2.15	1	0	0.4718580295	-11.22925422	NAN	
54.001	4.71	-2.15	1	0	0.4684549071	-11.22925422	NAN	
54.101	4.71	-2.15	1	0	0.4541475531	-11.22925422	NAN	
54.201	4.705	-2.15	1	0	0.3632492257	-11.03315511	NAN	
54.301	4.69	-2.15	1	0	0.2699073915	-10.44485778	NAN	
54.401	4.69	-2.15	1	0	0.2415574466	-10.44485778	NAN	
54.501	4.685	-2.15	1	0	0.1898683755	-10.24875867	NAN	
54.601	4.685	-2.15	1	0	0.08689073598	-10.24875867	NAN	
54.701	4.685	-2.15	1	0	0.04301162634	-10.24875867	NAN	
54.801	4.67	-2.15	1	0	0.0561248608	-9.66046134	NAN	
54.901	4.665	-2.15	1	0	0.08276472679	-9.46436223	NAN	
55.001	4.665	-2.15	1	0	0.09433981132	-9.46436223	NAN	
55.101	4.665	-2.15	1	0	0.1288409873	-9.46436223	NAN	
55.201	4.655	-2.15	1	0	0.1585875153	-9.07216401	NAN	
55.301	4.655	-2.15	1	0	0.1415980226	-9.07216401	NAN	
55.401	4.655	-2.15	1	0	0.1081665383	-9.07216401	NAN	
55.501	4.65	-2.15	1	0	0.1053565375	-8.8760649	NAN	
55.601	4.65	-2.15	1	0	0.1240967365	-8.8760649	NAN	
55.701	4.64	-2.15	1	0	0.1202081528	-8.48386668	NAN	
55.801	4.635	-2.15	1	0	0.07968688725	-8.28776757	NAN	
55.901	4.635	-2.15	1	0	0.0316227766	-8.28776757	NAN	
56.001	4.63	-2.15	1	0	0.02	-8.09166846	NAN	
56.101	4.63	-2.15	1	0	0.03807886553	-8.09166846	NAN	
56.201	4.62	-2.15	1	0	0.07211102551	-7.69947024	NAN	
56.301	4.61	-2.15	1	0	0.1081665383	-7.30727202	NAN	
56.401	4.605	-2.15	1	0	0.1524795068	-7.11117291	NAN	
56.501	4.605	-2.15	1	0	0.2503996805	-7.11117291	NAN	
56.601	4.605	-2.15	1	0	0.3863935817	-7.11117291	NAN	
56.701	4.605	-2.15	1	0	0.5360970061	-7.11117291	NAN	
56.801	4.595	-2.15	1	0	0.6974955197	-6.71897469	NAN	
56.901	4.59	-2.15	1	0	0.7928429857	-6.52287558	NAN	
57.001	4.59	-2.15	1	0	0.9107414562	-6.52287558	NAN	
57.101	4.59	-2.15	1	0	0.949894731	-6.52287558	NAN	
57.201	4.59	-2.15	1	0	0.9454892913	-6.52287558	NAN	
57.301	4.585	-2.15	1	0	1.005161679	-6.32677647	NAN	
57.401	4.585	-2.15	1	0	1.061414151	-6.32677647	NAN	
57.501	4.575	-2.15	1	0	1.096266391	-5.93457825	NAN	
57.601	4.57	-2.15	1	0	1.08843925	-5.73847914	NAN	
57.701	4.56	-2.15	1	0	1.052758282	-5.34628092	NAN	
57.801	4.55	-2.15	1	0	0.9827512401	-4.9540827	NAN	
57.901	4.55	-2.15	1	0	0.883119471	-4.9540827	NAN	
58.001	4.55	-2.15	1	0	0.7617742448	-4.9540827	NAN	
58.101	4.545	-2.15	1	0	0.534976635	-4.75798359	NAN	
58.201	4.545	-2.15	1	0	0.2159861107	-4.75798359	NAN	
58.301	4.545	-2.15	1	0	0.1545962483	-4.75798359	NAN	
58.401	4.54	-2.15	1	0	0.5856193303	-4.56188448	NAN	
58.501	4.53	-2.15	1	0	0.9397606078	-4.16968626	NAN	
58.601	4.53	-2.15	1	0	1.051594028	-4.16968626	NAN	
58.701	4.53	-2.15	1	0	1.099681772	-4.16968626	NAN	
58.801	4.52	-2.15	1	0	1.139276086	-3.77748804	NAN	
58.901	4.505	-2.15	1	0	1.163335721	-3.18919071	NAN	
59.001	4.505	-2.15	1	0	1.170299107	-3.18919071	NAN	
59.101	4.505	-2.15	1	0	1.137870819	-3.18919071	NAN	
59.201	4.505	-2.15	1	0	1.063367293	-3.18919071	NAN	
59.301	4.505	-2.15	1	0	0.948287931	-3.18919071	NAN	
59.401	4.5	-2.15	1	0	0.7941347493	-2.9930916	NAN	
59.501	4.495	-2.15	1	0	0.8185352772	-2.79699249	NAN	
59.601	4.49	-2.15	1	0	0.9359220053	-2.60089338	NAN	
59.701	4.475	-2.15	1	0	1.11447297	-2.01259605	NAN	
59.801	4.47	-2.15	1	0	1.220389282	-1.81649694	NAN	
59.901	4.47	-2.15	1	0	1.284114481	-1.81649694	NAN	
60.001	4.47	-2.15	1	0	1.35489852	-1.81649694	NAN	
60.101	4.465	-2.15	1	0	1.394148486	-1.62039783	NAN	
60.201	4.465	-2.15	1	0	1.418167832	-1.62039783	NAN	
60.301	4.465	-2.15	1	0	1.438401891	-1.62039783	NAN	
60.401	4.46	-2.15	1	0	1.450034482	-1.42429872	NAN	
60.511	4.455	-2.15	1	0	1.450499914	-1.22819961	NAN	
60.601	4.45	-2.15	1	0	1.450672258	-1.0321005	NAN	
60.701	4.44	-2.15	1	0	1.45117194	-0.63990228	NAN	
60.801	4.435	-2.15	1	0	1.452033057	-0.44380317	NAN	
60.901	4.43	-2.15	1	0	1.452566694	-0.24770406	NAN	
61.001	4.43	-2.15	1	0	1.453220561	-0.24770406	NAN	
61.101	4.43	-2.15	1	0	1.453667775	-0.24770406	NAN	
61.201	4.43	-2.15	1	0	1.452962491	-0.24770406	NAN	
61.301	4.415	-2.15	1	0	1.451619785	0.34059327	NAN	
61.401	4.405	-2.15	1	0	1.450448207	0.73279149	NAN	
61.501	4.405	-2.15	1	0	1.448050413	0.73279149	NAN	
61.601	4.4	-2.15	1	0	1.439479072	0.9288906	NAN	
61.701	4.4	-2.15	1	0	1.428863184	0.9288906	NAN	
61.801	4.4	-2.15	1	0	1.411665683	0.9288906	NAN	
61.901	4.4	-2.15	1	0	1.389658231	0.9288906	NAN	
62.001	4.395	-2.15	1	0	1.350518419	1.12498971	NAN	
62.101	4.38	-2.15	1	0	1.276597039	1.71328704	NAN	
62.201	4.38	-2.15	1	0	1.210227251	1.71328704	NAN	
62.301	4.38	-2.15	1	0	1.168824196	1.71328704	NAN	
62.401	4.38	-2.15	1	0	1.107542324	1.71328704	NAN	
62.501	4.38	-2.15	1	0	1.030145621	1.71328704	NAN	
62.601	4.37	-2.15	1	0	0.938642637	2.10548526	NAN	
62.701	4.36	-2.15	1	0	0.8891006692	2.49768348	NAN	
62.801	4.355	-2.15	1	0	0.7669093819	2.69378259	NAN	
62.901	4.355	-2.15	1	0	0.5663920903	2.69378259	NAN	
63.001	4.35	-2.15	1	0	0.4134610018	2.8898817	NAN	
63.101	4.34	-2.15	1	0	0.3168595904	3.28207992	NAN	
63.201	4.34	-2.15	1	0	0.3577009925	3.28207992	NAN	
63.301	4.335	-2.15	1	0	0.3087879531	3.47817903	NAN	
63.401	4.335	-2.15	1	0	0.2197726098	3.47817903	NAN	
63.501	4.33	-2.15	1	0	0.19	3.67427814	NAN	
63.601	4.325	-2.15	1	0	0.272855273	3.87037725	NAN	
63.701	4.32	-2.15	1	0	0.2750454508	4.06647636	NAN	
63.801	4.315	-2.15	1	0	0.3527038418	4.26257547	NAN	
63.901	4.315	-2.15	1	0	0.4798437246	4.26257547	NAN	
64.001	4.31	-2.15	1	0	0.6063414879	4.45867458	NAN	
64.101	4.305	-2.15	1	0	0.6503460617	4.65477369	NAN	
64.201	4.3	-2.15	1	0	0.5433691195	4.8508728	NAN	
64.301	4.3	-2.15	1	0	0.5575392363	4.8508728	NAN	
64.401	4.295	-2.15	1	0	0.6118006211	5.04697191	NAN	
64.501	4.29	-2.15	1	0	0.6475337829	5.24307102	NAN	
64.601	4.285	-2.15	1	0	0.5181216073	5.43917013	NAN	
64.701	4.28	-2.15	1	0	0.3774254893	5.63526924	NAN	
64.801	4.28	-2.15	1	0	0.3676955262	5.63526924	NAN	
64.901	4.275	-2.15	1	0	0.4335896678	5.83136835	NAN	
65.001	4.27	-2.15	1	0	0.3576310948	6.02746746	NAN	
65.101	4.265	-2.15	1	0	0.3691205765	6.22356657	NAN	
65.201	4.26	-2.15	1	0	0.4432832052	6.41966568	NAN	
65.301	4.255	-2.15	1	0	0.4734976241	6.61576479	NAN	
65.401	4.255	-2.15	1	0	0.6161574474	6.61576479	NAN	
65.501	4.25	-2.15	1	0	0.7754676009	6.8118639	NAN	
65.601	4.25	-2.15	1	0	0.8097839218	6.8118639	NAN	
65.701	4.245	-2.15	1	0	0.8416650165	7.00796301	NAN	
65.801	4.245	-2.15	1	0	0.9039358384	7.00796301	NAN	
65.901	4.23	-2.15	1	0	0.8783222643	7.59626034	NAN	
66.001	4.23	-2.15	1	0	0.8480566019	7.59626034	NAN	
66.101	4.225	-2.15	1	0	0.7982167625	7.79235945	NAN	
66.201	4.225	-2.15	1	0	0.7223572523	7.79235945	NAN	
66.301	4.215	-2.15	1	0	0.6111055555	8.18455767	NAN	
66.401	4.215	-2.15	1	0	0.4477164281	8.18455767	NAN	
66.501	4.21	-2.15	1	0	0.4140652123	8.38065678	NAN	
66.601	4.21	-2.15	1	0	0.409633983	8.38065678	NAN	
66.701	4.2	-2.15	1	0	0.3449637662	8.772855	NAN	
66.801	4.2	-2.15	1	0	0.35665109	8.772855	NAN	
66.901	4.195	-2.15	1	0	0.3871692137	8.96895411	NAN	
67.001	4.19	-2.15	1	0	0.4561249829	9.16505322	NAN	
67.101	4.185	-2.15	1	0	0.4695210325	9.36115233	NAN	
67.201	4.18	-2.15	1	0	0.5771048432	9.55725144	NAN	
67.301	4.18	-2.15	1	0	0.7298630008	9.55725144	NAN	
67.401	4.175	-2.15	1	0	0.900777442	9.75335055	NAN	
67.501	4.17	-2.15	1	0	0.9713907556	9.94944966	NAN	
67.601	4.165	-2.15	1	0	1.0235966	10.14554877	NAN	
67.701	4.16	-2.15	1	0	1.051807967	10.34164788	NAN	
67.801	4.16	-2.15	1	0	1.049428416	10.34164788	NAN	
67.901	4.155	-2.15	1	0	0.9975469914	10.53774699	NAN	
68.001	4.15	-2.15	1	0	0.9326038816	10.7338461	NAN	
68.101	4.15	-2.15	1	0	0.9027181177	10.7338461	NAN	
68.201	4.145	-2.15	1	0	0.8366899067	10.92994521	NAN	
68.301	4.145	-2.15	1	0	0.5997499479	10.92994521	NAN	
68.401	4.135	-2.15	1	0	0.4757099957	11.32214343	NAN	
68.501	4.135	-2.15	1	0	0.4171930009	11.32214343	NAN	
68.601	4.13	-2.15	1	0	0.4242640687	11.51824254	NAN	
68.701	4.125	-2.15	1	0	0.629722161	11.71434165	NAN	
68.801	4.125	-2.15	1	0	0.8691950299	11.71434165	NAN	
68.901	4.115	-2.15	1	0	0.9824204802	12.10653987	NAN	
69.001	4.11	-2.15	1	0	1.056905861	12.30263898	NAN	
69.101	4.11	-2.15	1	0	1.079513779	12.30263898	NAN	
69.201	4.11	-2.15	1	0	1.079166345	12.30263898	NAN	
69.301	4.105	-2.15	1	0	1.081133664	12.49873809	NAN	
69.401	4.1	-2.15	1	0	1.069789699	12.6948372	NAN	
69.501	4.095	-2.15	1	0	1.039182371	12.89093631	NAN	
69.601	4.09	-2.15	1	0	0.9871929903	13.08703542	NAN	
69.701	4.085	-2.15	1	0	0.8827797007	13.28313453	NAN	
69.801	4.08	-2.15	1	0	0.5625388875	13.47923364	NAN	
69.901	4.075	-2.15	1	0	0.3031501278	13.67533275	NAN	
70.001	4.07	-2.15	1	0	0.4750263151	13.87143186	NAN	
70.101	4.065	-2.15	1	0	0.8854095098	14.06753097	NAN	
70.201	4.06	-2.15	1	0	1.039086137	14.26363008	NAN	
70.301	4.06	-2.15	1	0	1.153733071	14.26363008	NAN	
70.401	4.055	-2.15	1	0	1.229715414	14.45972919	NAN	
70.501	4.05	-2.15	1	0	1.260793401	14.6558283	NAN	
70.601	4.045	-2.15	1	0	1.316187677	14.85192741	NAN	
70.701	4.045	-2.15	1	0	1.355728586	14.85192741	NAN	
70.801	4.04	-2.15	1	0	1.378005806	15.04802652	NAN	
70.901	4.04	-2.15	1	0	1.391617764	15.04802652	NAN	
71.001	4.035	-2.15	1	0	1.402301679	15.24412563	NAN	
71.101	4.03	-2.15	1	0	1.410106379	15.44022474	NAN	
71.201	4.025	-2.15	1	0	1.417480159	15.63632385	NAN	
71.301	4.02	-2.15	1	0	1.419330828	15.83242296	NAN	
71.401	4.015	-2.15	1	0	1.420176045	16.02852207	NAN	
71.501	4.01	-2.15	1	0	1.420017606	16.22462118	NAN	
71.601	4.01	-2.15	1	0	1.416827442	16.22462118	NAN	
71.701	4.005	-2.15	1	0	1.409982269	16.42072029	NAN	
71.801	4	-2.15	1	0	1.398946032	16.6168194	NAN	
71.901	3.995	-2.15	1	0	1.390341685	16.81291851	NAN	
72.001	3.995	-2.15	1	0	1.375717994	16.81291851	NAN	
72.101	3.99	-2.15	1	0	1.358528616	17.00901762	NAN	
72.201	3.985	-2.15	1	0	1.332478893	17.20511673	NAN	
72.301	3.985	-2.15	1	0	1.282127139	17.20511673	NAN	
72.401	3.98	-2.15	1	0	1.221003685	17.40121584	NAN	
72.501	3.975	-2.15	1	0	1.164560003	17.59731495	NAN	
72.601	3.97	-2.15	1	0	1.11294654	17.79341406	NAN	
72.701	3.965	-2.15	1	0	1.061932201	17.98951317	NAN	
72.801	3.96	-2.15	1	0	0.9857738077	18.18561228	NAN	
72.901	3.96	-2.15	1	0	0.7710706842	18.18561228	NAN	
73.001	3.955	-2.15	1	0	0.3340658618	18.38171139	NAN	
73.101	3.95	-2.15	1	0	0.06041522987	18.5778105	NAN	
73.201	3.945	-2.15	1	0	0.1445683229	18.77390961	NAN	
73.301	3.945	-2.15	1	0	0.1808314132	18.77390961	NAN	
73.401	3.945	-2.15	1	0	0.2066397832	18.77390961	NAN	
73.501	3.935	-2.15	1	0	0.2222611077	19.16610783	NAN	
73.601	3.93	-2.15	1	0	0.3605551275	19.36220694	NAN	
73.701	3.925	-2.15	1	0	0.3862641583	19.55830605	NAN	
73.801	3.925	-2.15	1	0	0.2883574171	19.55830605	NAN	
73.901	3.92	-2.15	1	0	0.3105640031	19.75440516	NAN	
74.001	3.915	-2.15	1	0	0.2999166551	19.95050427	NAN	
74.101	3.91	-2.15	1	0	0.1898683755	20.14660338	NAN	
74.201	3.91	-2.15	1	0	0.1576388277	20.14660338	NAN	
74.301	3.905	-2.15	1	0	0.1923538406	20.34270249	NAN	
74.401	3.9	-2.15	1	0	0.269351072	20.5388016	NAN	
74.501	3.895	-2.15	1	0	0.3920459157	20.73490071	NAN	
74.601	3.895	-2.15	1	0	0.5430929939	20.73490071	NAN	
74.701	3.89	-2.15	1	0	0.6354525946	20.93099982	NAN	
74.801	3.885	-2.15	1	0	0.6920621359	21.12709893	NAN	
74.901	3.88	-2.15	1	0	0.6571529502	21.32319804	NAN	
75.001	3.875	-2.15	1	0	0.60456596	21.51929715	NAN	
75.101	3.875	-2.15	1	0	0.5821082374	21.51929715	NAN	
75.201	3.87	-2.15	1	0	0.5730183243	21.71539626	NAN	
75.301	3.865	-2.15	1	0	0.5817645572	21.91149537	NAN	
75.401	3.86	-2.15	1	0	0.5855339444	22.10759448	NAN	
75.501	3.855	-2.15	1	0	0.6243796922	22.30369359	NAN	
75.601	3.855	-2.15	1	0	0.7258098925	22.30369359	NAN	
75.701	3.85	-2.15	1	0	0.7702596965	22.4997927	NAN	
75.801	3.85	-2.15	1	0	0.7996561761	22.4997927	NAN	
75.901	3.845	-2.15	1	0	0.7800640999	22.69589181	NAN	
76.001	3.845	-2.15	1	0	0.7672027112	22.69589181	NAN	
76.101	3.84	-2.15	1	0	0.6536818798	22.89199092	NAN	
76.201	3.835	-2.15	1	0	0.4610856753	23.08809003	NAN	
76.303	3.83	-2.15	1	0	0.2224859546	23.28418914	NAN	
76.413	3.825	-2.15	1	0	0.08062257748	23.48028825	NAN	
76.501	3.82	-2.15	1	0	0.1077032961	23.67638736	NAN	
76.601	3.815	-2.15	1	0	0.2437211521	23.87248647	NAN	
76.701	3.81	-2.15	1	0	0.3948417404	24.06858558	NAN	
76.801	3.81	-2.15	1	0	0.4834769901	24.06858558	NAN	
76.901	3.805	-2.15	1	0	0.59325374	24.26468469	NAN	
77.001	3.8	-2.15	1	0	0.6445928948	24.4607838	NAN	
77.101	3.795	-2.15	1	0	0.6744998147	24.65688291	NAN	
77.201	3.795	-2.15	1	0	0.669776082	24.65688291	NAN	
77.301	3.79	-2.15	1	0	0.7391210997	24.85298202	NAN	
77.401	3.785	-2.15	1	0	0.7751451477	25.04908113	NAN	
77.501	3.78	-2.15	1	0	0.7401351228	25.24518024	NAN	
77.601	3.775	-2.15	1	0	0.7057974214	25.44127935	NAN	
77.701	3.77	-2.15	1	0	0.7165891431	25.63737846	NAN	
77.801	3.765	-2.15	1	0	0.6753887769	25.83347757	NAN	
77.901	3.76	-2.15	1	0	0.6553624951	26.02957668	NAN	
78.001	3.755	-2.15	1	0	0.6608328079	26.22567579	NAN	
78.101	3.755	-2.15	1	0	0.7145278161	26.22567579	NAN	
78.201	3.75	-2.15	1	0	0.7245343332	26.4217749	NAN	
78.301	3.75	-2.15	1	0	0.7344385611	26.4217749	NAN	
78.401	3.745	-2.15	1	0	0.6980687645	26.61787401	NAN	
78.501	3.74	-2.15	1	0	0.6857113095	26.81397312	NAN	
78.601	3.735	-2.15	1	0	0.6705221846	27.01007223	NAN	
78.701	3.73	-2.15	1	0	0.6620045317	27.20617134	NAN	
78.801	3.73	-2.15	1	0	0.6148983656	27.20617134	NAN	
78.901	3.725	-2.15	1	0	0.5009490992	27.40227045	NAN	
79.001	3.72	-2.15	1	0	0.454202598	27.59836956	NAN	
79.101	3.715	-2.15	1	0	0.4080441153	27.79446867	NAN	
79.201	3.71	-2.15	1	0	0.3829490828	27.99056778	NAN	
79.301	3.705	-2.15	1	0	0.2905167809	28.18666689	NAN	
79.401	3.7	-2.15	1	0	0.2286919325	28.382766	NAN	
79.501	3.7	-2.15	1	0	0.18	28.382766	NAN	
79.601	3.695	-2.15	1	0	0.1922238279	28.57886511	NAN	
79.701	3.695	-2.15	1	0	0.1815213486	28.57886511	NAN	
79.801	3.69	-2.15	1	0	0.2147091055	28.77496422	NAN	
79.901	3.685	-2.15	1	0	0.2852192139	28.97106333	NAN	
80.001	3.68	-2.15	1	0	0.3704051835	29.16716244	NAN	
80.101	3.68	-2.15	1	0	0.4299418565	29.16716244	NAN	
80.201	3.68	-2.15	1	0	0.5806031347	29.16716244	NAN	
80.301	3.68	-2.15	1	0	0.6868041933	29.16716244	NAN	
80.401	3.675	-2.15	1	0	0.7070007072	29.36326155	NAN	
80.501	3.67	-2.15	1	0	0.6862215386	29.55936066	NAN	
80.601	3.665	-2.15	1	0	0.6487295276	29.75545977	NAN	
80.701	3.66	-2.15	1	0	0.6865129278	29.95155888	NAN	
80.801	3.655	-2.15	1	0	0.5744127436	30.14765799	NAN	
80.901	3.65	-2.15	1	0	0.4828043082	30.3437571	NAN	
81.001	3.65	-2.15	1	0	0.3969256857	30.3437571	NAN	
81.101	3.65	-2.15	1	0	0.3814446225	30.3437571	NAN	
81.201	3.64	-2.15	1	0	0.4483302354	30.73595532	NAN	
81.301	3.635	-2.15	1	0	0.5842944463	30.93205443	NAN	
81.401	3.635	-2.15	1	0	0.7754998388	30.93205443	NAN	
81.501	3.635	-2.15	1	0	0.8362116957	30.93205443	NAN	
81.601	3.62	-2.15	1	0	0.9516827202	31.52035176	NAN	
81.701	3.62	-2.15	1	0	1.029125843	31.52035176	NAN	
81.801	3.615	-2.15	1	0	1.092657311	31.71645087	NAN	
81.901	3.6	-2.15	1	0	1.146342008	32.3047482	NAN	
82.001	3.6	-2.15	1	0	1.178176557	32.3047482	NAN	
82.101	3.6	-2.15	1	0	1.194298958	32.3047482	NAN	
82.201	3.6	-2.15	1	0	1.21577136	32.3047482	NAN	
82.301	3.595	-2.15	1	0	1.215195458	32.50084731	NAN	
82.401	3.585	-2.15	1	0	1.22225202	32.89304553	NAN	
82.501	3.58	-2.15	1	0	1.230081298	33.08914464	NAN	
82.601	3.575	-2.15	1	0	1.247156766	33.28524375	NAN	
82.701	3.57	-2.15	1	0	1.239435355	33.48134286	NAN	
82.801	3.565	-2.15	1	0	1.227171545	33.67744197	NAN	
82.901	3.565	-2.15	1	0	1.225805857	33.67744197	NAN	
83.001	3.56	-2.15	1	0	1.218749359	33.87354108	NAN	
83.101	3.555	-2.15	1	0	1.198874472	34.06964019	NAN	
83.201	3.55	-2.15	1	0	1.180317754	34.2657393	NAN	
83.301	3.55	-2.15	1	0	1.162798349	34.2657393	NAN	
83.401	3.545	-2.15	1	0	1.142147101	34.46183841	NAN	
83.501	3.54	-2.15	1	0	1.113463066	34.65793752	NAN	
83.601	3.535	-2.15	1	0	1.072427154	34.85403663	NAN	
83.701	3.53	-2.15	1	0	1.045825033	35.05013574	NAN	
83.801	3.53	-2.15	1	0	1.026279689	35.05013574	NAN	
83.901	3.525	-2.15	1	0	0.9618211892	35.24623485	NAN	
84.001	3.52	-2.15	1	0	0.8646386528	35.44233396	NAN	
84.101	3.515	-2.15	1	0	0.8209445779	35.63843307	NAN	
84.201	3.515	-2.15	1	0	0.7971825387	35.63843307	NAN	
84.301	3.505	-2.15	1	0	0.7059036761	36.03063129	NAN	
84.401	3.5	-2.15	1	0	0.509950978	36.2267304	NAN	
84.501	3.5	-2.15	1	0	0.3536947837	36.2267304	NAN	
84.601	3.495	-2.15	1	0	0.2372762104	36.42282951	NAN	
84.701	3.49	-2.15	1	0	0.1135781669	36.61892862	NAN	
84.801	3.485	-2.15	1	0	0.0331662479	36.81502773	NAN	
84.901	3.485	-2.15	1	0	0.06480740698	36.81502773	NAN	
85.001	3.48	-2.15	1	0	0.137113092	37.01112684	NAN	
85.101	3.475	-2.15	1	0	0.2549509757	37.20722595	NAN	
85.201	3.47	-2.15	1	0	0.2691653767	37.40332506	NAN	
85.301	3.47	-2.15	1	0	0.2384323804	37.40332506	NAN	
85.401	3.465	-2.15	1	0	0.1313392554	37.59942417	NAN	
85.501	3.46	-2.15	1	0	0.02828427125	37.79552328	NAN	
85.601	3.46	-2.15	1	0	0.03605551275	37.79552328	NAN	
85.701	3.455	-2.15	1	0	0.1519868415	37.99162239	NAN	
85.801	3.45	-2.15	1	0	0.223159136	38.1877215	NAN	
85.901	3.445	-2.15	1	0	0.3487836005	38.38382061	NAN	
86.001	3.445	-2.15	1	0	0.4870318265	38.38382061	NAN	
86.101	3.44	-2.15	1	0	0.5681549085	38.57991972	NAN	
86.201	3.44	-2.15	1	0	0.6095490136	38.57991972	NAN	
86.301	3.435	-2.15	1	0	0.668954408	38.77601883	NAN	
86.401	3.43	-2.15	1	0	0.7089076103	38.97211794	NAN	
86.501	3.425	-2.15	1	0	0.7330416086	39.16821705	NAN	
86.601	3.42	-2.15	1	0	0.7273582336	39.36431616	NAN	
86.701	3.42	-2.15	1	0	0.6738323234	39.36431616	NAN	
86.801	3.415	-2.15	1	0	0.6351771406	39.56041527	NAN	
86.901	3.41	-2.15	1	0	0.5948108943	39.75651438	NAN	
87.001	3.405	-2.15	1	0	0.6082351519	39.95261349	NAN	
87.101	3.4	-2.15	1	0	0.6111464636	40.1487126	NAN	
87.201	3.4	-2.15	1	0	0.5281098371	40.1487126	NAN	
87.301	3.395	-2.15	1	0	0.3971775422	40.34481171	NAN	
87.401	3.395	-2.15	1	0	0.2942787794	40.34481171	NAN	
87.501	3.39	-2.15	1	0	0.2046948949	40.54091082	NAN	
87.601	3.385	-2.15	1	0	0.1236931688	40.73700993	NAN	
87.701	3.38	-2.15	1	0	0.06363961031	40.93310904	NAN	
87.801	3.375	-2.15	1	0	0.0938083152	41.12920815	NAN	
87.901	3.375	-2.15	1	0	0.1343502884	41.12920815	NAN	
88.001	3.365	-2.15	1	0	0.1443952908	41.52140637	NAN	
88.101	3.365	-2.15	1	0	0.1174734012	41.52140637	NAN	
88.201	3.36	-2.15	1	0	0.08888194417	41.71750548	NAN	
88.306	3.355	-2.15	1	0	0.1109053651	41.91360459	NAN	
88.415	3.355	-2.15	1	0	0.1922238279	41.91360459	NAN	
88.501	3.35	-2.15	1	0	0.2243880567	42.1097037	NAN	
88.601	3.345	-2.15	1	0	0.2335594143	42.30580281	NAN	
88.701	3.34	-2.15	1	0	0.2348403713	42.50190192	NAN	
88.801	3.34	-2.15	1	0	0.2767670501	42.50190192	NAN	
88.901	3.335	-2.15	1	0	0.340147027	42.69800103	NAN	
89.001	3.33	-2.15	1	0	0.3772929896	42.89410014	NAN	
89.101	3.325	-2.15	1	0	0.5071981861	43.09019925	NAN	
89.201	3.325	-2.15	1	0	0.4903570128	43.09019925	NAN	
89.301	3.32	-2.15	1	0	0.5048267029	43.28629836	NAN	
89.401	3.315	-2.15	1	0	0.51623638	43.48239747	NAN	
89.501	3.31	-2.15	1	0	0.5352102391	43.67849658	NAN	
89.601	3.305	-2.15	1	0	0.5818075283	43.87459569	NAN	
89.701	3.3	-2.15	1	0	0.5674504384	44.0706948	NAN	
89.801	3.295	-2.15	1	0	0.5587933428	44.26679391	NAN	
89.901	3.29	-2.15	1	0	0.5287721627	44.46289302	NAN	
90.001	3.29	-2.15	1	0	0.4627634385	44.46289302	NAN	
90.101	3.285	-2.15	1	0	0.4048456496	44.65899213	NAN	
90.201	3.285	-2.15	1	0	0.3634556369	44.65899213	NAN	
90.301	3.28	-2.15	1	0	0.3258066912	44.85509124	NAN	
90.401	3.275	-2.15	1	0	0.3102418411	45.05119035	NAN	
90.501	3.27	-2.15	1	0	0.3133687923	45.24728946	NAN	
90.601	3.27	-2.15	1	0	0.303232584	45.24728946	NAN	
90.701	3.265	-2.15	1	0	0.2928310093	45.44338857	NAN	
90.801	3.26	-2.15	1	0	0.2469817807	45.63948768	NAN	
90.901	3.255	-2.15	1	0	0.2169101196	45.83558679	NAN	
91.001	3.25	-2.15	1	0	0.1234908904	46.0316859	NAN	
91.101	3.245	-2.15	1	0	0.1208304597	46.22778501	NAN	
91.201	3.24	-2.15	1	0	0.04795831523	46.42388412	NAN	
91.301	3.24	-2.15	1	0	0.04949747468	46.42388412	NAN	
91.401	3.235	-2.15	1	0	0.09137833441	46.61998323	NAN	
91.501	3.23	-2.15	1	0	0.1187434209	46.81608234	NAN	
91.601	3.225	-2.15	1	0	0.07810249676	47.01218145	NAN	
91.701	3.22	-2.15	1	0	0.1518222645	47.20828056	NAN	
91.801	3.215	-2.15	1	0	0.1846618531	47.40437967	NAN	
91.901	3.21	-2.15	1	0	0.1953202498	47.60047878	NAN	
92.001	3.21	-2.15	1	0	0.2456623699	47.60047878	NAN	
92.101	3.205	-2.15	1	0	0.2657066051	47.79657789	NAN	
92.201	3.2	-2.15	1	0	0.2968164416	47.992677	NAN	
92.301	3.195	-2.15	1	0	0.3633180425	48.18877611	NAN	
92.401	3.195	-2.15	1	0	0.3672192805	48.18877611	NAN	
92.503	3.19	-2.15	1	0	0.2894822965	48.38487522	NAN	
92.612	3.185	-2.15	1	0	0.1884144368	48.58097433	NAN	
92.701	3.18	-2.15	1	0	0.2433105012	48.77707344	NAN	
92.801	3.175	-2.15	1	0	0.2757716447	48.97317255	NAN	
92.901	3.175	-2.15	1	0	0.3355592347	48.97317255	NAN	
93.001	3.165	-2.15	1	0	0.4204759208	49.36537077	NAN	
93.101	3.165	-2.15	1	0	0.5263078947	49.36537077	NAN	
93.201	3.16	-2.15	1	0	0.5960285228	49.56146988	NAN	
93.301	3.16	-2.15	1	0	0.5680668975	49.56146988	NAN	
93.401	3.15	-2.15	1	0	0.5596874128	49.9536681	NAN	
93.501	3.145	-2.15	1	0	0.4782781617	50.14976721	NAN	
93.601	3.14	-2.15	1	0	0.46070598	50.34586632	NAN	
93.701	3.14	-2.15	1	0	0.4254997062	50.34586632	NAN	
93.801	3.135	-2.15	1	0	0.4052159918	50.54196543	NAN	
93.901	3.135	-2.15	1	0	0.3917907605	50.54196543	NAN	
94.001	3.13	-2.15	1	0	0.4191658383	50.73806454	NAN	
94.101	3.125	-2.15	1	0	0.4236744033	50.93416365	NAN	
94.201	3.125	-2.15	1	0	0.346121366	50.93416365	NAN	
94.301	3.115	-2.15	1	0	0.2339871791	51.32636187	NAN	
94.401	3.115	-2.15	1	0	0.2535744467	51.32636187	NAN	
94.501	3.105	-2.15	1	0	0.4134610018	51.71856009	NAN	
94.601	3.105	-2.15	1	0	0.3784177586	51.71856009	NAN	
94.701	3.1	-2.15	1	0	0.3889087297	51.9146592	NAN	
94.801	3.095	-2.15	1	0	0.1350925609	52.11075831	NAN	
94.901	3.09	-2.15	1	0	0.3108054054	52.30685742	NAN	
95.001	3.09	-2.15	1	0	0.4227883631	52.30685742	NAN	
95.101	3.085	-2.15	1	0	0.4574385205	52.50295653	NAN	
95.201	3.08	-2.15	1	0	0.3612478374	52.69905564	NAN	
95.301	3.08	-2.15	1	0	0.3428556548	52.69905564	NAN	
95.401	3.075	-2.15	1	0	0.2732215218	52.89515475	NAN	
95.501	3.07	-2.15	1	0	0.347706773	53.09125386	NAN	
95.601	3.065	-2.15	1	0	0.4906118629	53.28735297	NAN	
95.701	3.065	-2.15	1	0	0.7234638899	53.28735297	NAN	
95.801	3.06	-2.15	1	0	0.7866384176	53.48345208	NAN	
95.901	3.06	-2.15	1	0	0.8547514259	53.48345208	NAN	
96.001	3.05	-2.15	1	0	0.9127431183	53.8756503	NAN	
96.101	3.045	-2.15	1	0	0.9691491113	54.07174941	NAN	
96.201	3.04	-2.15	1	0	1.001548801	54.26784852	NAN	
96.301	3.04	-2.15	1	0	1.005957256	54.26784852	NAN	
96.401	3.04	-2.15	1	0	0.9823695842	54.26784852	NAN	
96.501	3.035	-2.15	1	0	0.9559288676	54.46394763	NAN	
96.601	3.035	-2.15	1	0	0.9306718004	54.46394763	NAN	
96.701	3.03	-2.15	1	0	0.9666695402	54.66004674	NAN	
96.801	3.025	-2.15	1	0	0.9758842144	54.85614585	NAN	
96.901	3.02	-2.15	1	0	0.9393082561	55.05224496	NAN	
97.001	3.015	-2.15	1	0	0.9398670119	55.24834407	NAN	
97.101	3.01	-2.15	1	0	0.9203260292	55.44444318	NAN	
97.201	3.01	-2.15	1	0	0.9033548583	55.44444318	NAN	
97.301	3.01	-2.15	1	0	0.9001388782	55.44444318	NAN	
97.401	3.005	-2.15	1	0	0.9185314366	55.64054229	NAN	
97.501	3	-2.15	1	0	0.9201358595	55.8366414	NAN	
97.601	2.995	-2.15	1	0	0.9226050076	56.03274051	NAN	
97.701	2.99	-2.15	1	0	0.9131812525	56.22883962	NAN	
97.801	2.985	-2.15	1	0	0.8603487665	56.42493873	NAN	
97.901	2.985	-2.15	1	0	0.7599671046	56.42493873	NAN	
98.001	2.98	-2.15	1	0	0.7236366492	56.62103784	NAN	
98.101	2.975	-2.15	1	0	0.7565712128	56.81713695	NAN	
98.201	2.97	-2.15	1	0	0.8273753683	57.01323606	NAN	
98.301	2.965	-2.15	1	0	0.8315347257	57.20933517	NAN	
98.401	2.965	-2.15	1	0	0.8299397568	57.20933517	NAN	
98.501	2.96	-2.15	1	0	0.8911509412	57.40543428	NAN	
98.601	2.955	-2.15	1	0	0.915259526	57.60153339	NAN	
98.701	2.95	-2.15	1	0	0.8788913471	57.7976325	NAN	
98.801	2.945	-2.15	1	0	0.7935048834	57.99373161	NAN	
98.901	2.94	-2.15	1	0	0.7286288493	58.18983072	NAN	
99.001	2.94	-2.15	1	0	0.6692159592	58.18983072	NAN	
99.101	2.93	-2.15	1	0	0.6358065744	58.58202894	NAN	
99.201	2.93	-2.15	1	0	0.4915790882	58.58202894	NAN	
99.301	2.925	-2.15	1	0	0.3987480407	58.77812805	NAN	
99.401	2.925	-2.15	1	0	0.3820340299	58.77812805	NAN	
99.501	2.915	-2.15	1	0	0.3506422678	59.17032627	NAN	
99.601	2.91	-2.15	1	0	0.360970913	59.36642538	NAN	
99.709	2.905	-2.15	1	0	0.453927307	59.56252449	NAN	
99.802	2.905	-2.15	1	0	0.5671419575	59.56252449	NAN	
99.901	2.9	-2.15	1	0	0.6431174076	59.7586236	NAN	
100.001	2.9	-2.15	1	0	0.5626721959	59.7586236	NAN	
100.101	2.9	-2.15	1	0	0.4891318841	59.7586236	NAN	
100.201	2.885	-2.15	1	0	0.3727599764	60.34692093	NAN	
100.301	2.88	-2.15	1	0	0.2409356761	60.54302004	NAN	
100.401	2.875	-2.15	1	0	0.1547578754	60.73911915	NAN	
100.501	2.875	-2.15	1	0	0.1060660172	60.73911915	NAN	
100.601	2.875	-2.15	1	0	0.05099019514	60.73911915	NAN	
100.701	2.865	-2.15	1	0	0.1407124728	61.13131737	NAN	
100.801	2.86	-2.15	1	0	0.1812456896	61.32741648	NAN	
100.901	2.855	-2.15	1	0	0.284956137	61.52351559	NAN	
101.001	2.85	-2.15	1	0	0.361731945	61.7196147	NAN	
101.101	2.85	-2.15	1	0	0.3504283094	61.7196147	NAN	
101.201	2.845	-2.15	1	0	0.412371192	61.91571381	NAN	
101.301	2.845	-2.15	1	0	0.469041576	61.91571381	NAN	
101.401	2.845	-2.15	1	0	0.3467708177	61.91571381	NAN	
101.501	2.84	-2.15	1	0	0.3609016487	62.11181292	NAN	
101.601	2.835	-2.15	1	0	0.55448174	62.30791203	NAN	
101.701	2.83	-2.15	1	0	0.6731641702	62.50401114	NAN	
101.801	2.825	-2.15	1	0	0.5858327406	62.70011025	NAN	
101.901	2.82	-2.15	1	0	0.5290085065	62.89620936	NAN	
102.001	2.815	-2.15	1	0	0.4751315607	63.09230847	NAN	
102.101	2.81	-2.15	1	0	0.5309896421	63.28840758	NAN	
102.201	2.805	-2.15	1	0	0.5256900227	63.48450669	NAN	
102.301	2.805	-2.15	1	0	0.5215361924	63.48450669	NAN	
102.401	2.79	-2.15	1	0	0.45033321	64.07280402	NAN	
102.501	2.79	-2.15	1	0	0.412371192	64.07280402	NAN	
102.601	2.79	-2.15	1	0	0.09669539803	64.07280402	NAN	
102.701	2.79	-2.15	1	0	0.1531339283	64.07280402	NAN	
102.801	2.785	-2.15	1	0	0.3534119409	64.26890313	NAN	
102.901	2.78	-2.15	1	0	0.3923646263	64.46500224	NAN	
103.001	2.775	-2.15	1	0	0.4548076517	64.66110135	NAN	
103.101	2.77	-2.15	1	0	0.4537069539	64.85720046	NAN	
103.201	2.755	-2.15	1	0	0.5350700889	65.44549779	NAN	
103.301	2.755	-2.15	1	0	0.566524492	65.44549779	NAN	
103.401	2.755	-2.15	1	0	0.768635154	65.44549779	NAN	
103.501	2.755	-2.15	1	0	0.705513997	65.44549779	NAN	
103.601	2.755	-2.15	1	0	0.6038211656	65.44549779	NAN	
103.701	2.75	-2.15	1	0	0.5088221693	65.6415969	NAN	
103.801	2.745	-2.15	1	0	0.33	65.83769601	NAN	
103.901	2.74	-2.15	1	0	0.2209072203	66.03379512	NAN	
104.001	2.735	-2.15	1	0	0.1360147051	66.22989423	NAN	
104.101	2.73	-2.15	1	0	0.1708800749	66.42599334	NAN	
104.201	2.725	-2.15	1	0	0.282577423	66.62209245	NAN	
104.301	2.72	-2.15	1	0	0.46070598	66.81819156	NAN	
104.401	2.715	-2.15	1	0	0.5752825393	67.01429067	NAN	
104.501	2.71	-2.15	1	0	0.6826053032	67.21038978	NAN	
104.601	2.7	-2.15	1	0	0.5728001397	67.602588	NAN	
104.701	2.7	-2.15	1	0	0.4253234064	67.602588	NAN	
104.801	2.7	-2.15	1	0	0.2501999201	67.602588	NAN	
104.901	2.695	-2.15	1	0	0.1941648784	67.79868711	NAN	
105.001	2.69	-2.15	1	0	0.1274754878	67.99478622	NAN	
105.101	2.69	-2.15	1	0	0.03391164992	67.99478622	NAN	
105.201	2.685	-2.15	1	0	0.02449489743	68.19088533	NAN	
105.301	2.68	-2.15	1	0	0.125499004	68.38698444	NAN	
105.401	2.67	-2.15	1	0	0.3339161571	68.77918266	NAN	
105.501	2.665	-2.15	1	0	0.514392846	68.97528177	NAN	
105.601	2.665	-2.15	1	0	0.5927056605	68.97528177	NAN	
105.701	2.66	-2.15	1	0	0.5580322571	69.17138088	NAN	
105.801	2.66	-2.15	1	0	0.4295928305	69.17138088	NAN	
105.901	2.655	-2.15	1	0	0.1793042108	69.36747999	NAN	
106.001	2.65	-2.15	1	0	0.205669638	69.5635791	NAN	
106.101	2.645	-2.15	1	0	0.3079772719	69.75967821	NAN	
106.201	2.64	-2.15	1	0	0.2817800561	69.95577732	NAN	
106.301	2.635	-2.15	1	0	0.2711088342	70.15187643	NAN	
106.401	2.63	-2.15	1	0	0.2678619047	70.34797554	NAN	
106.501	2.63	-2.15	1	0	0.2067607313	70.34797554	NAN	
106.601	2.625	-2.15	1	0	0.09082951062	70.54407465	NAN	
106.701	2.62	-2.15	1	0	0.09924716621	70.74017376	NAN	
106.801	2.615	-2.15	1	0	0.2220360331	70.93627287	NAN	
106.901	2.61	-2.15	1	0	0.2117781858	71.13237198	NAN	
107.001	2.61	-2.15	1	0	0.253968502	71.13237198	NAN	
107.101	2.605	-2.15	1	0	0.2439262184	71.32847109	NAN	
107.201	2.595	-2.15	1	0	0.173060683	71.72066931	NAN	
107.301	2.595	-2.15	1	0	0.08774964387	71.72066931	NAN	
107.401	2.59	-2.15	1	0	0.06964194139	71.91676842	NAN	
107.501	2.59	-2.15	1	0	0.1055935604	71.91676842	NAN	
107.601	2.58	-2.15	1	0	0.1926136028	72.30896664	NAN	
107.701	2.575	-2.15	1	0	0.146628783	72.50506575	NAN	
107.801	2.57	-2.15	1	0	0.08062257748	72.70116486	NAN	
107.901	2.57	-2.15	1	0	0.05	72.70116486	NAN	
108.001	2.565	-2.15	1	0	0.1392838828	72.89726397	NAN	
108.101	2.56	-2.15	1	0	0.2151743479	73.09336308	NAN	
108.201	2.55	-2.15	1	0	0.1933907961	73.4855613	NAN	
108.301	2.55	-2.15	1	0	0.1954482029	73.4855613	NAN	
108.401	2.545	-2.15	1	0	0.2260530911	73.68166041	NAN	
108.501	2.545	-2.15	1	0	0.1780449381	73.68166041	NAN	
108.601	2.535	-2.15	1	0	0.1309580085	74.07385863	NAN	
108.701	2.525	-2.15	1	0	0.1723368794	74.46605685	NAN	
108.801	2.525	-2.15	1	0	0.1336038922	74.46605685	NAN	
108.901	2.52	-2.15	1	0	0.1298075499	74.66215596	NAN	
109.001	2.52	-2.15	1	0	0.1394632568	74.66215596	NAN	
109.101	2.52	-2.15	1	0	0.1773414785	74.66215596	NAN	
109.201	2.52	-2.15	1	0	0.1140175425	74.66215596	NAN	
109.301	2.51	-2.15	1	0	0.2437211521	75.05435418	NAN	
109.401	2.505	-2.15	1	0	0.2197726098	75.25045329	NAN	
109.501	2.5	-2.15	1	0	0.3418332927	75.4465524	NAN	
109.601	2.5	-2.15	1	0	0.4125530269	75.4465524	NAN	
109.701	2.495	-2.15	1	0	0.2726719641	75.64265151	NAN	
109.801	2.49	-2.15	1	0	0.09565563235	75.83875062	NAN	
109.901	2.485	-2.15	1	0	0.1051189802	76.03484973	NAN	
110.001	2.48	-2.15	1	0	0.08660254038	76.23094884	NAN	
110.101	2.475	-2.15	1	0	0.1307669683	76.42704795	NAN	
110.201	2.47	-2.15	1	0	0.1246996391	76.62314706	NAN	
110.301	2.47	-2.15	1	0	0.2090454496	76.62314706	NAN	
110.401	2.465	-2.15	1	0	0.1345362405	76.81924617	NAN	
110.501	2.46	-2.15	1	0	0.1927433527	77.01534528	NAN	
110.601	2.455	-2.15	1	0	0.3076524013	77.21144439	NAN	
110.701	2.45	-2.15	1	0	0.2997498957	77.4075435	NAN	
110.801	2.44	-2.15	1	0	0.2354782368	77.79974172	NAN	
110.901	2.44	-2.15	1	0	0.3059411708	77.79974172	NAN	
111.001	2.44	-2.15	1	0	0.3770941527	77.79974172	NAN	
111.101	2.435	-2.15	1	0	0.2986636905	77.99584083	NAN	
111.201	2.435	-2.15	1	0	0.3077336511	77.99584083	NAN	
111.301	2.43	-2.15	1	0	0.3926194086	78.19193994	NAN	
111.401	2.42	-2.15	1	0	0.1861451047	78.58413816	NAN	
111.501	2.415	-2.15	1	0	0.4428882478	78.78023727	NAN	
111.601	2.415	-2.15	1	0	0.232271393	78.78023727	NAN	
111.701	2.41	-2.15	1	0	0.5304243584	78.97633638	NAN	
111.801	2.4	-2.15	1	0	0.566568619	79.3685346	NAN	
111.901	2.4	-2.15	1	0	0.1573213272	79.3685346	NAN	
112.001	2.395	-2.15	1	0	0.2361143791	79.56463371	NAN	
112.101	2.395	-2.15	1	0	0.1288409873	79.56463371	NAN	
112.201	2.385	-2.15	1	0	0.3160696126	79.95683193	NAN	
112.301	2.385	-2.15	1	0	0.1456021978	79.95683193	NAN	
112.401	2.38	-2.15	1	0	0.12489996	80.15293104	NAN	
112.501	2.38	-2.15	1	0	0.2929163703	80.15293104	NAN	
112.601	2.37	-2.15	1	0	0.2249444376	80.54512926	NAN	
112.701	2.365	-2.15	1	0	0.2147091055	80.74122837	NAN	
112.801	2.365	-2.15	1	0	0.3002498959	80.74122837	NAN	
112.901	2.355	-2.15	1	0	0.4309292285	81.13342659	NAN	
113.001	2.35	-2.15	1	0	0.4610314523	81.3295257	NAN	
113.101	2.35	-2.15	1	0	0.3995622605	81.3295257	NAN	
113.201	2.35	-2.15	1	0	0.3633180425	81.3295257	NAN	
113.301	2.345	-2.15	1	0	0.4202380278	81.52562481	NAN	
113.401	2.335	-2.15	1	0	0.6209669879	81.91782303	NAN	
113.501	2.335	-2.15	1	0	0.6495767853	81.91782303	NAN	
113.601	2.325	-2.15	1	0	0.5702192561	82.31002125	NAN	
113.701	2.32	-2.15	1	0	0.3857460304	82.50612036	NAN	
113.801	2.32	-2.15	1	0	0.3314362684	82.50612036	NAN	
113.901	2.315	-2.15	1	0	0.455796007	82.70221947	NAN	
114.001	2.31	-2.15	1	0	0.5199519209	82.89831858	NAN	
114.101	2.31	-2.15	1	0	0.492138192	82.89831858	NAN	
114.201	2.305	-2.15	1	0	0.4644889665	83.09441769	NAN	
114.301	2.3	-2.15	1	0	0.3993119082	83.2905168	NAN	
114.401	2.3	-2.15	1	0	0.4502221674	83.2905168	NAN	
114.501	2.295	-2.15	1	0	0.4875961444	83.48661591	NAN	
114.601	2.29	-2.15	1	0	0.5750217387	83.68271502	NAN	
114.701	2.285	-2.15	1	0	0.6860029154	83.87881413	NAN	
114.801	2.28	-2.15	1	0	0.5724945415	84.07491324	NAN	
114.901	2.27	-2.15	1	0	0.5902965356	84.46711146	NAN	
115.001	2.27	-2.15	1	0	0.6280525456	84.46711146	NAN	
115.101	2.265	-2.15	1	0	0.5859607495	84.66321057	NAN	
115.201	2.26	-2.15	1	0	0.60456596	84.85930968	NAN	
115.301	2.26	-2.15	1	0	0.6101229384	84.85930968	NAN	
115.401	2.255	-2.15	1	0	0.5460769177	85.05540879	NAN	
115.501	2.25	-2.15	1	0	0.4450842617	85.2515079	NAN	
115.601	2.245	-2.15	1	0	0.3380088756	85.44760701	NAN	
115.701	2.245	-2.15	1	0	0.3175688902	85.44760701	NAN	
115.801	2.24	-2.15	1	0	0.2293468988	85.64370612	NAN	
115.901	2.235	-2.15	1	0	0.1431782106	85.83980523	NAN	
116.001	2.23	-2.15	1	0	0.1039230485	86.03590434	NAN	
116.101	2.225	-2.15	1	0	0.0764852927	86.23200345	NAN	
116.201	2.22	-2.15	1	0	0.1120267825	86.42810256	NAN	
116.301	2.22	-2.15	1	0	0.1083974169	86.42810256	NAN	
116.401	2.21	-2.15	1	0	0.167182535	86.82030078	NAN	
116.501	2.21	-2.15	1	0	0.1893409623	86.82030078	NAN	
116.601	2.21	-2.15	1	0	0.1307669683	86.82030078	NAN	
116.701	2.21	-2.15	1	0	0.07842193571	86.82030078	NAN	
116.801	2.205	-2.15	1	0	0.0331662479	87.01639989	NAN	
116.901	2.195	-2.15	1	0	0.1414213562	87.40859811	NAN	
117.001	2.195	-2.15	1	0	0.1210371844	87.40859811	NAN	
117.101	2.185	-2.15	1	0	0.1481553239	87.80079633	NAN	
117.201	2.18	-2.15	1	0	0.1723368794	87.99689544	NAN	
117.301	2.175	-2.15	1	0	0.1516575089	88.19299455	NAN	
117.401	2.175	-2.15	1	0	0.1802775638	88.19299455	NAN	
117.501	2.17	-2.15	1	0	0.1019803903	88.38909366	NAN	
117.601	2.165	-2.15	1	0	0.1319090596	88.58519277	NAN	
117.701	2.165	-2.15	1	0	0.125499004	88.58519277	NAN	
117.801	2.16	-2.15	1	0	0.0790569415	88.78129188	NAN	
117.901	2.155	-2.15	1	0	0.04415880433	88.97739099	NAN	
118.001	2.15	-2.15	1	0	0.1857417562	89.1734901	NAN	
118.101	2.145	-2.15	1	0	0.1266885946	89.36958921	NAN	
118.201	2.145	-2.15	1	0	0.1646207763	89.36958921	NAN	
118.301	2.14	-2.15	1	0	0.2696293753	89.56568832	NAN	
118.401	2.14	-2.15	1	0	0.2156385865	89.56568832	NAN	
118.501	2.13	-2.15	1	0	0.2817800561	89.95788654	NAN	
118.601	2.125	-2.15	0	0	0.2724885319	90.15398565	NAN	
118.701	2.12	-2.15	0	0	0.3056141358	90.35008476	NAN	
118.801	2.12	-2.155	0	0	0.3312853755	90.35008476	NAN	
118.901	2.12	-2.155	0	0	0.3351865152	90.35008476	NAN	
119.001	2.12	-2.155	0	0	0.2151743479	90.35008476	NAN	
119.101	2.12	-2.155	0	0	0.1677796174	90.35008476	NAN	
119.201	2.12	-2.155	0	0	0.1017349497	90.35008476	NAN	
119.301	2.12	-2.155	0	0	0.1831665908	90.35008476	NAN	
119.401	2.12	-2.155	0	0	0.227815715	90.35008476	NAN	
119.501	2.12	-2.155	0	0	0.2521904043	90.35008476	NAN	
