MIN=0	0	-10	0	0	0	0	0	
MAX=160	10	10	1	1	7	100	5	
SCALE=50	2.5	5	0.5	0.5	5	50	1	
DEC=1	2	2	0	0	2	1	3	
DEF="Time" t / s	"Resistance" R_A1 / k&W	"Voltage" U_B1 / V	"Relay" R_1	"Voltage Source" S_1	"Voltage" U_B2 / V	"ang" ang	"Frequency" f / Hz	
0	2.12	2.16	1	0	0.09539392014	90.35008476	NAN	
0.1	2.12	2.155	1	0	0.1889444363	90.35008476	NAN	
0.2	2.12	2.155	1	0	0.1146734494	90.35008476	NAN	
0.3	2.12	2.155	1	0	0.1582719179	90.35008476	NAN	
0.4	2.125	2.155	1	0	0.2878367593	90.15398565	NAN	
0.501	2.125	2.155	1	0	0.2848683907	90.15398565	NAN	
0.601	2.13	2.155	1	0	0.1831665908	89.95788654	NAN	
0.701	2.135	2.155	1	0	0.1438749457	89.76178743	NAN	
0.801	2.14	2.155	1	0	0.1658312395	89.56568832	NAN	
0.901	2.145	2.155	1	0	0.111579568	89.36958921	NAN	
1.001	2.145	2.155	1	0	0.04472135955	89.36958921	NAN	
1.101	2.145	2.155	1	0	0.03937003937	89.36958921	NAN	
1.201	2.15	2.155	1	0	0.1046422477	89.1734901	NAN	
1.301	2.155	2.155	1	0	0.1743559577	88.97739099	NAN	
1.401	2.16	2.155	1	0	0.1788854382	88.78129188	NAN	
1.501	2.165	2.155	1	0	0.1680773631	88.58519277	NAN	
1.601	2.165	2.155	1	0	0.09617692031	88.58519277	NAN	
1.701	2.17	2.155	1	0	0.1185326959	88.38909366	NAN	
1.801	2.175	2.155	1	0	0.03807886553	88.19299455	NAN	
1.901	2.175	2.155	1	0	0.08031189202	88.19299455	NAN	
2.001	2.18	2.155	1	0	0.09027735043	87.99689544	NAN	
2.101	2.185	2.155	1	0	0.1063014581	87.80079633	NAN	
2.201	2.19	2.155	1	0	0.1777638883	87.60469722	NAN	
2.301	2.19	2.155	1	0	0.1029563014	87.60469722	NAN	
2.401	2.195	2.155	1	0	0.1230853363	87.40859811	NAN	
2.501	2.2	2.155	1	0	0.09246621004	87.212499	NAN	
2.601	2.2	2.155	1	0	0.2274862633	87.212499	NAN	
2.701	2.21	2.155	1	0	0.1852025918	86.82030078	NAN	
2.801	2.215	2.155	1	0	0.2383275058	86.62420167	NAN	
2.901	2.215	2.155	1	0	0.254460213	86.62420167	NAN	
3.001	2.22	2.155	1	0	0.2485960579	86.42810256	NAN	
3.101	2.22	2.155	1	0	0.2461706725	86.42810256	NAN	
3.201	2.225	2.155	1	0	0.1670329309	86.23200345	NAN	
3.301	2.23	2.155	1	0	0.274226184	86.03590434	NAN	
3.401	2.23	2.155	1	0	0.2321637353	86.03590434	NAN	
3.501	2.235	2.155	1	0	0.1813835715	85.83980523	NAN	
3.601	2.24	2.155	1	0	0.1307669683	85.64370612	NAN	
3.701	2.24	2.155	1	0	0.1236931688	85.64370612	NAN	
3.801	2.245	2.155	1	0	0.1148912529	85.44760701	NAN	
3.901	2.25	2.155	1	0	0.2256102835	85.2515079	NAN	
4.001	2.255	2.155	1	0	0.248394847	85.05540879	NAN	
4.101	2.26	2.155	1	0	0.3224127789	84.85930968	NAN	
4.201	2.26	2.155	1	0	0.3190611227	84.85930968	NAN	
4.301	2.265	2.155	1	0	0.3094349689	84.66321057	NAN	
4.401	2.265	2.155	1	0	0.3281767816	84.66321057	NAN	
4.501	2.27	2.155	1	0	0.3806573262	84.46711146	NAN	
4.601	2.275	2.155	1	0	0.4729164831	84.27101235	NAN	
4.701	2.275	2.155	1	0	0.5511805512	84.27101235	NAN	
4.801	2.28	2.155	1	0	0.5425403211	84.07491324	NAN	
4.901	2.285	2.155	1	0	0.5265453447	83.87881413	NAN	
5.001	2.29	2.155	1	0	0.4234383072	83.68271502	NAN	
5.101	2.295	2.155	1	0	0.3836665219	83.48661591	NAN	
5.201	2.3	2.155	1	0	0.2082066281	83.2905168	NAN	
5.301	2.305	2.155	1	0	0.3160696126	83.09441769	NAN	
5.401	2.305	2.155	1	0	0.4290104894	83.09441769	NAN	
5.501	2.31	2.155	1	0	0.3825571853	82.89831858	NAN	
5.601	2.31	2.155	1	0	0.3170961999	82.89831858	NAN	
5.701	2.32	2.155	1	0	0.2733130074	82.50612036	NAN	
5.801	2.32	2.155	1	0	0.2270462508	82.50612036	NAN	
5.901	2.32	2.155	1	0	0.3543303543	82.50612036	NAN	
6.001	2.325	2.155	1	0	0.1518222645	82.31002125	NAN	
6.101	2.335	2.155	1	0	0.2853944639	81.91782303	NAN	
6.201	2.335	2.155	1	0	0.4161129654	81.91782303	NAN	
6.301	2.34	2.155	1	0	0.3980577847	81.72172392	NAN	
6.401	2.345	2.155	1	0	0.3040559159	81.52562481	NAN	
6.501	2.35	2.155	1	0	0.3009152705	81.3295257	NAN	
6.601	2.35	2.155	1	0	0.2192031022	81.3295257	NAN	
6.701	2.35	2.155	1	0	0.2439262184	81.3295257	NAN	
6.801	2.35	2.155	1	0	0.4576570769	81.3295257	NAN	
6.901	2.365	2.155	1	0	0.4768647607	80.74122837	NAN	
7.001	2.365	2.155	1	0	0.4955804677	80.74122837	NAN	
7.101	2.37	2.155	1	0	0.3990613988	80.54512926	NAN	
7.201	2.375	2.155	1	0	0.3206243908	80.34903015	NAN	
7.301	2.375	2.155	1	0	0.2474873734	80.34903015	NAN	
7.401	2.38	2.155	1	0	0.1884144368	80.15293104	NAN	
7.501	2.38	2.155	1	0	0.1595305613	80.15293104	NAN	
7.601	2.385	2.155	1	0	0.1797220076	79.95683193	NAN	
7.701	2.39	2.155	1	0	0.1471393897	79.76073282	NAN	
7.801	2.395	2.155	1	0	0.09	79.56463371	NAN	
7.901	2.4	2.155	1	0	0.04582575695	79.3685346	NAN	
8.001	2.4	2.155	1	0	0.1286468033	79.3685346	NAN	
8.101	2.405	2.155	1	0	0.2715695123	79.17243549	NAN	
8.201	2.41	2.155	1	0	0.2067607313	78.97633638	NAN	
8.301	2.41	2.155	1	0	0.07106335202	78.97633638	NAN	
8.401	2.415	2.155	1	0	0.04242640687	78.78023727	NAN	
8.501	2.42	2.155	1	0	0.05787918451	78.58413816	NAN	
8.601	2.42	2.155	1	0	0.05700877125	78.58413816	NAN	
8.701	2.43	2.155	1	0	0.05656854249	78.19193994	NAN	
8.801	2.43	2.155	1	0	0.1129158979	78.19193994	NAN	
8.901	2.435	2.155	1	0	0.2717535648	77.99584083	NAN	
9.001	2.44	2.155	1	0	0.3472751071	77.79974172	NAN	
9.101	2.44	2.155	1	0	0.2817800561	77.79974172	NAN	
9.201	2.44	2.155	1	0	0.253179778	77.79974172	NAN	
9.301	2.445	2.155	1	0	0.2374868417	77.60364261	NAN	
9.401	2.45	2.155	1	0	0.2528833723	77.4075435	NAN	
9.501	2.455	2.155	1	0	0.2923183196	77.21144439	NAN	
9.601	2.455	2.155	1	0	0.3148015248	77.21144439	NAN	
9.701	2.46	2.155	1	0	0.2652357442	77.01534528	NAN	
9.801	2.465	2.155	1	0	0.2353720459	76.81924617	NAN	
9.901	2.47	2.155	1	0	0.233023604	76.62314706	NAN	
10.001	2.47	2.155	1	0	0.2215851981	76.62314706	NAN	
10.101	2.475	2.155	1	0	0.2908607914	76.42704795	NAN	
10.201	2.475	2.155	1	0	0.3801315562	76.42704795	NAN	
10.301	2.48	2.155	1	0	0.4815080477	76.23094884	NAN	
10.401	2.485	2.155	1	0	0.6207253821	76.03484973	NAN	
10.501	2.49	2.155	1	0	0.2078460969	75.83875062	NAN	
10.601	2.495	2.155	1	0	0.09055385138	75.64265151	NAN	
10.701	2.5	2.155	1	0	0.1051189802	75.4465524	NAN	
10.801	2.5	2.155	1	0	0.1369306394	75.4465524	NAN	
10.901	2.505	2.155	1	0	0.2019900988	75.25045329	NAN	
11.001	2.505	2.155	1	0	0.2022374842	75.25045329	NAN	
11.101	2.51	2.155	1	0	0.1872164523	75.05435418	NAN	
11.201	2.51	2.155	1	0	0.1701469953	75.05435418	NAN	
11.301	2.52	2.155	1	0	0.2250555487	74.66215596	NAN	
11.401	2.525	2.155	1	0	0.2018662924	74.46605685	NAN	
11.501	2.525	2.155	1	0	0.1433527119	74.46605685	NAN	
11.601	2.525	2.155	1	0	0.1044030651	74.46605685	NAN	
11.701	2.53	2.155	1	0	0.04472135955	74.26995774	NAN	
11.801	2.53	2.155	1	0	0.03391164992	74.26995774	NAN	
11.901	2.54	2.155	1	0	0.05656854249	73.87775952	NAN	
12.001	2.545	2.155	1	0	0.06403124237	73.68166041	NAN	
12.101	2.545	2.155	1	0	0.12489996	73.68166041	NAN	
12.201	2.55	2.155	1	0	0.07968688725	73.4855613	NAN	
12.301	2.55	2.155	1	0	0.09110433579	73.4855613	NAN	
12.401	2.555	2.155	1	0	0.1880159568	73.28946219	NAN	
12.501	2.56	2.155	1	0	0.1189537725	73.09336308	NAN	
12.601	2.565	2.155	1	0	0.1739252713	72.89726397	NAN	
12.701	2.565	2.155	1	0	0.2257210668	72.89726397	NAN	
12.801	2.57	2.155	1	0	0.3229551052	72.70116486	NAN	
12.901	2.57	2.155	1	0	0.2449489743	72.70116486	NAN	
13.001	2.57	2.155	1	0	0.1220655562	72.70116486	NAN	
13.101	2.58	2.155	1	0	0.1137980668	72.30896664	NAN	
13.201	2.585	2.155	1	0	0.1039230485	72.11286753	NAN	
13.301	2.59	2.155	1	0	0.02828427125	71.91676842	NAN	
13.401	2.59	2.155	1	0	0.03937003937	71.91676842	NAN	
13.501	2.595	2.155	1	0	0.05830951895	71.72066931	NAN	
13.601	2.6	2.155	1	0	0.1268857754	71.5245702	NAN	
13.701	2.605	2.155	1	0	0.09354143467	71.32847109	NAN	
13.801	2.61	2.155	1	0	0.04636809248	71.13237198	NAN	
13.901	2.61	2.155	1	0	0.07106335202	71.13237198	NAN	
14.001	2.61	2.155	1	0	0.153785565	71.13237198	NAN	
14.101	2.615	2.155	1	0	0.1752141547	70.93627287	NAN	
14.201	2.62	2.155	1	0	0.2379075451	70.74017376	NAN	
14.301	2.62	2.155	1	0	0.2810693865	70.74017376	NAN	
14.401	2.625	2.155	1	0	0.2164486082	70.54407465	NAN	
14.501	2.63	2.155	1	0	0.2072438178	70.34797554	NAN	
14.601	2.635	2.155	1	0	0.153622915	70.15187643	NAN	
14.701	2.64	2.155	1	0	0.2182887995	69.95577732	NAN	
14.801	2.64	2.155	1	0	0.2701851217	69.95577732	NAN	
14.901	2.645	2.155	1	0	0.2823118843	69.75967821	NAN	
15.001	2.65	2.155	1	0	0.23	69.5635791	NAN	
15.101	2.655	2.155	1	0	0.06670832032	69.36747999	NAN	
15.201	2.655	2.155	1	0	0.03535533906	69.36747999	NAN	
15.301	2.66	2.155	1	0	0.1208304597	69.17138088	NAN	
15.401	2.66	2.155	1	0	0.1220655562	69.17138088	NAN	
15.501	2.665	2.155	1	0	0.2687005769	68.97528177	NAN	
15.601	2.665	2.155	1	0	0.2158703314	68.97528177	NAN	
15.701	2.67	2.155	1	0	0.1630950643	68.77918266	NAN	
15.801	2.675	2.155	1	0	0.211541958	68.58308355	NAN	
15.901	2.675	2.155	1	0	0.1450861813	68.58308355	NAN	
16.001	2.68	2.155	1	0	0.1374772708	68.38698444	NAN	
16.101	2.69	2.155	1	0	0.2347338919	67.99478622	NAN	
16.201	2.695	2.155	1	0	0.3261134772	67.79868711	NAN	
16.301	2.695	2.155	1	0	0.3417601498	67.79868711	NAN	
16.401	2.7	2.155	1	0	0.1029563014	67.602588	NAN	
16.501	2.7	2.155	1	0	0.04062019202	67.602588	NAN	
16.601	2.705	2.155	1	0	0.01870828693	67.40648889	NAN	
16.701	2.705	2.155	1	0	0.09273618495	67.40648889	NAN	
16.801	2.71	2.155	1	0	0.1688194302	67.21038978	NAN	
16.901	2.71	2.155	1	0	0.2397915762	67.21038978	NAN	
17.001	2.72	2.155	1	0	0.2553429067	66.81819156	NAN	
17.101	2.725	2.155	1	0	0.2143595111	66.62209245	NAN	
17.209	2.725	2.155	1	0	0.1876166304	66.62209245	NAN	
17.303	2.73	2.155	1	0	0.1621727474	66.42599334	NAN	
17.401	2.735	2.155	1	0	0.09823441352	66.22989423	NAN	
17.501	2.735	2.155	1	0	0.1072380529	66.22989423	NAN	
17.601	2.74	2.155	1	0	0.1729161647	66.03379512	NAN	
17.701	2.74	2.155	1	0	0.1183215957	66.03379512	NAN	
17.801	2.75	2.155	1	0	0.04242640687	65.6415969	NAN	
17.901	2.755	2.155	1	0	0.0234520788	65.44549779	NAN	
18.001	2.755	2.155	1	0	0.04527692569	65.44549779	NAN	
18.101	2.755	2.155	1	0	0.05916079783	65.44549779	NAN	
18.201	2.76	2.155	1	0	0.06782329983	65.24939868	NAN	
18.301	2.765	2.155	1	0	0.1083974169	65.05329957	NAN	
18.401	2.765	2.155	1	0	0.1946792233	65.05329957	NAN	
18.501	2.775	2.155	1	0	0.2293468988	64.66110135	NAN	
18.601	2.78	2.155	1	0	0.340881211	64.46500224	NAN	
18.701	2.785	2.155	1	0	0.4276096351	64.26890313	NAN	
18.801	2.785	2.155	1	0	0.4720699101	64.26890313	NAN	
18.901	2.79	2.155	1	0	0.4155117327	64.07280402	NAN	
19.001	2.79	2.155	1	0	0.5013481824	64.07280402	NAN	
19.101	2.79	2.155	1	0	0.4560153506	64.07280402	NAN	
19.201	2.8	2.155	1	0	0.4966890375	63.6806058	NAN	
19.301	2.8	2.155	1	0	0.4472135955	63.6806058	NAN	
19.401	2.805	2.155	1	0	0.4099390199	63.48450669	NAN	
19.501	2.805	2.155	1	0	0.3028200786	63.48450669	NAN	
19.601	2.81	2.155	1	0	0.2859195691	63.28840758	NAN	
19.701	2.815	2.155	1	0	0.2542636427	63.09230847	NAN	
19.801	2.815	2.155	1	0	0.2440286868	63.09230847	NAN	
19.901	2.82	2.155	1	0	0.1407124728	62.89620936	NAN	
20.001	2.825	2.155	1	0	0.1953202498	62.70011025	NAN	
20.101	2.825	2.155	1	0	0.2602883017	62.70011025	NAN	
20.201	2.83	2.155	1	0	0.07778174593	62.50401114	NAN	
20.301	2.835	2.155	1	0	0.03240370349	62.30791203	NAN	
20.401	2.845	2.155	1	0	0.05787918451	61.91571381	NAN	
20.501	2.845	2.155	1	0	0.1940360791	61.91571381	NAN	
20.601	2.85	2.155	1	0	0.3155946768	61.7196147	NAN	
20.701	2.85	2.155	1	0	0.3289376841	61.7196147	NAN	
20.801	2.855	2.155	1	0	0.2853944639	61.52351559	NAN	
20.901	2.855	2.155	1	0	0.2981610303	61.52351559	NAN	
21.001	2.86	2.155	1	0	0.2538700455	61.32741648	NAN	
21.101	2.86	2.155	1	0	0.1151086443	61.32741648	NAN	
21.201	2.865	2.155	1	0	0.2610555496	61.13131737	NAN	
21.301	2.875	2.155	1	0	0.3668787266	60.73911915	NAN	
21.401	2.875	2.155	1	0	0.2637233399	60.73911915	NAN	
21.501	2.875	2.155	1	0	0.1719011344	60.73911915	NAN	
21.601	2.88	2.155	1	0	0.2687936011	60.54302004	NAN	
21.701	2.88	2.155	1	0	0.2202271555	60.54302004	NAN	
21.801	2.89	2.155	1	0	0.1398213145	60.15082182	NAN	
21.901	2.895	2.155	1	0	0.08276472679	59.95472271	NAN	
22.001	2.9	2.155	1	0	0.05	59.7586236	NAN	
22.101	2.9	2.155	1	0	0.03937003937	59.7586236	NAN	
22.201	2.905	2.155	1	0	0.03674234614	59.56252449	NAN	
22.301	2.905	2.155	1	0	0.04	59.56252449	NAN	
22.401	2.91	2.155	1	0	0.07141428429	59.36642538	NAN	
22.501	2.915	2.155	1	0	0.1	59.17032627	NAN	
22.601	2.92	2.155	1	0	0.178605711	58.97422716	NAN	
22.701	2.925	2.155	1	0	0.3217141588	58.77812805	NAN	
22.801	2.925	2.155	1	0	0.4089621009	58.77812805	NAN	
22.901	2.93	2.155	1	0	0.5349299019	58.58202894	NAN	
23.001	2.93	2.155	1	0	0.6371420564	58.58202894	NAN	
23.101	2.935	2.155	1	0	0.7306161783	58.38592983	NAN	
23.201	2.94	2.155	1	0	0.7723664933	58.18983072	NAN	
23.301	2.94	2.155	1	0	0.8177713617	58.18983072	NAN	
23.401	2.94	2.155	1	0	0.8391066678	58.18983072	NAN	
23.501	2.95	2.155	1	0	0.828884793	57.7976325	NAN	
23.601	2.95	2.155	1	0	0.8399107095	57.7976325	NAN	
23.701	2.96	2.155	1	0	0.8424072649	57.40543428	NAN	
23.801	2.96	2.155	1	0	0.8779521627	57.40543428	NAN	
23.901	2.965	2.155	1	0	0.916351461	57.20933517	NAN	
24.001	2.965	2.155	1	0	0.9388024286	57.20933517	NAN	
24.101	2.965	2.155	1	0	0.9403456811	57.20933517	NAN	
24.201	2.97	2.155	1	0	0.9740893183	57.01323606	NAN	
24.301	2.975	2.155	1	0	0.9718796222	56.81713695	NAN	
24.401	2.98	2.155	1	0	0.956477914	56.62103784	NAN	
24.501	2.98	2.155	1	0	0.9304300081	56.62103784	NAN	
24.601	2.99	2.155	1	0	0.9141662868	56.22883962	NAN	
24.701	2.99	2.155	1	0	0.8717797887	56.22883962	NAN	
24.801	2.99	2.155	1	0	0.8018416302	56.22883962	NAN	
24.901	2.995	2.155	1	0	0.7282856582	56.03274051	NAN	
25.001	3	2.155	1	0	0.6313873613	55.8366414	NAN	
25.101	3.005	2.155	1	0	0.5470831747	55.64054229	NAN	
25.201	3.005	2.155	1	0	0.4381209879	55.64054229	NAN	
25.301	3.01	2.155	1	0	0.5017469482	55.44444318	NAN	
25.401	3.01	2.155	1	0	0.6070831903	55.44444318	NAN	
25.501	3.01	2.155	1	0	0.6958807369	55.44444318	NAN	
25.601	3.015	2.155	1	0	0.7928745172	55.24834407	NAN	
25.701	3.02	2.155	1	0	0.9226592004	55.05224496	NAN	
25.801	3.03	2.155	1	0	1.019190856	54.66004674	NAN	
25.901	3.035	2.155	1	0	1.070934172	54.46394763	NAN	
26.001	3.04	2.155	1	0	1.057520685	54.26784852	NAN	
26.101	3.04	2.155	1	0	1.009554357	54.26784852	NAN	
26.201	3.04	2.155	1	0	0.9977224063	54.26784852	NAN	
26.301	3.04	2.155	1	0	0.9810708435	54.26784852	NAN	
26.401	3.045	2.155	1	0	0.9606247967	54.07174941	NAN	
26.501	3.045	2.155	1	0	1.012274666	54.07174941	NAN	
26.601	3.055	2.155	1	0	1.00834022	53.67955119	NAN	
26.701	3.06	2.155	1	0	0.9187763602	53.48345208	NAN	
26.801	3.065	2.155	1	0	0.8286434698	53.28735297	NAN	
26.901	3.065	2.155	1	0	0.8076818681	53.28735297	NAN	
27.001	3.065	2.155	1	0	0.8531998594	53.28735297	NAN	
27.101	3.065	2.155	1	0	0.8250454533	53.28735297	NAN	
27.201	3.07	2.155	1	0	0.8004373804	53.09125386	NAN	
27.301	3.08	2.155	1	0	0.8138488803	52.69905564	NAN	
27.401	3.08	2.155	1	0	0.6044832504	52.69905564	NAN	
27.501	3.085	2.155	1	0	0.6446316778	52.50295653	NAN	
27.601	3.085	2.155	1	0	0.6023288139	52.50295653	NAN	
27.701	3.09	2.155	1	0	0.5838664231	52.30685742	NAN	
27.801	3.09	2.155	1	0	0.5234023309	52.30685742	NAN	
27.901	3.1	2.155	1	0	0.3691205765	51.9146592	NAN	
28.001	3.1	2.155	1	0	0.2785677655	51.9146592	NAN	
28.101	3.105	2.155	1	0	0.1462873884	51.71856009	NAN	
28.201	3.105	2.155	1	0	0.1922238279	51.71856009	NAN	
28.301	3.105	2.155	1	0	0.09721111048	51.71856009	NAN	
28.401	3.11	2.155	1	0	0.09924716621	51.52246098	NAN	
28.501	3.115	2.155	1	0	0.1320984481	51.32636187	NAN	
28.601	3.12	2.155	1	0	0.2639128644	51.13026276	NAN	
28.701	3.125	2.155	1	0	0.2853944639	50.93416365	NAN	
28.801	3.13	2.155	1	0	0.4925444142	50.73806454	NAN	
28.901	3.135	2.155	1	0	0.5012983144	50.54196543	NAN	
29.001	3.135	2.155	1	0	0.5905082557	50.54196543	NAN	
29.101	3.14	2.155	1	0	0.5834380858	50.34586632	NAN	
29.201	3.14	2.155	1	0	0.5261653732	50.34586632	NAN	
29.301	3.14	2.155	1	0	0.5548423199	50.34586632	NAN	
29.401	3.145	2.155	1	0	0.3369718089	50.14976721	NAN	
29.501	3.15	2.155	1	0	0.3173326331	49.9536681	NAN	
29.601	3.155	2.155	1	0	0.03	49.75756899	NAN	
29.701	3.16	2.155	1	0	0.03937003937	49.56146988	NAN	
29.801	3.165	2.155	1	0	0.0790569415	49.36537077	NAN	
29.901	3.165	2.155	1	0	0.1077032961	49.36537077	NAN	
30.001	3.17	2.155	1	0	0.1847971861	49.16927166	NAN	
30.101	3.17	2.155	1	0	0.1826198237	49.16927166	NAN	
30.201	3.175	2.155	1	0	0.03	48.97317255	NAN	
30.301	3.18	2.155	1	0	0.1155422001	48.77707344	NAN	
30.401	3.185	2.155	1	0	0.06708203932	48.58097433	NAN	
30.501	3.185	2.155	1	0	0.08717797887	48.58097433	NAN	
30.601	3.185	2.155	1	0	0.1074709263	48.58097433	NAN	
30.701	3.195	2.155	1	0	0.2253885534	48.18877611	NAN	
30.801	3.195	2.155	1	0	0.201246118	48.18877611	NAN	
30.901	3.2	2.155	1	0	0.2127204739	47.992677	NAN	
31.001	3.2	2.155	1	0	0.3720886991	47.992677	NAN	
31.101	3.205	2.155	1	0	0.5267352276	47.79657789	NAN	
31.201	3.21	2.155	1	0	0.46222289	47.60047878	NAN	
31.301	3.21	2.155	1	0	0.3087879531	47.60047878	NAN	
31.401	3.215	2.155	1	0	0.4657252409	47.40437967	NAN	
31.501	3.22	2.155	1	0	0.17	47.20828056	NAN	
31.601	3.23	2.155	1	0	0.3540480193	46.81608234	NAN	
31.701	3.23	2.155	1	0	0.1309580085	46.81608234	NAN	
31.801	3.23	2.155	1	0	0.4066325122	46.81608234	NAN	
31.901	3.23	2.155	1	0	0.4674398357	46.81608234	NAN	
32.001	3.235	2.155	1	0	0.4493328388	46.61998323	NAN	
32.101	3.24	2.155	1	0	0.6152641709	46.42388412	NAN	
32.201	3.245	2.155	1	0	0.5154609588	46.22778501	NAN	
32.301	3.245	2.155	1	0	0.5421715596	46.22778501	NAN	
32.401	3.25	2.155	1	0	0.4469899328	46.0316859	NAN	
32.501	3.255	2.155	1	0	0.6187891402	45.83558679	NAN	
32.601	3.26	2.155	1	0	0.5340880077	45.63948768	NAN	
32.701	3.265	2.155	1	0	0.5827520914	45.44338857	NAN	
32.801	3.265	2.155	1	0	0.5418025471	45.44338857	NAN	
32.901	3.27	2.155	1	0	0.51	45.24728946	NAN	
33.001	3.27	2.155	1	0	0.3269556545	45.24728946	NAN	
33.101	3.275	2.155	1	0	0.2797320146	45.05119035	NAN	
33.201	3.28	2.155	1	0	0.3009152705	44.85509124	NAN	
33.301	3.285	2.155	1	0	0.3425638627	44.65899213	NAN	
33.401	3.285	2.155	1	0	0.4356604182	44.65899213	NAN	
33.501	3.29	2.155	1	0	0.5179285665	44.46289302	NAN	
33.601	3.29	2.155	1	0	0.3315116891	44.46289302	NAN	
33.701	3.295	2.155	1	0	0.1401784577	44.26679391	NAN	
33.801	3.3	2.155	1	0	0.22	44.0706948	NAN	
33.901	3.3	2.155	1	0	0.1787456293	44.0706948	NAN	
34.001	3.305	2.155	1	0	0.1511621646	43.87459569	NAN	
34.101	3.31	2.155	1	0	0.1531339283	43.67849658	NAN	
34.201	3.32	2.155	1	0	0.223383079	43.28629836	NAN	
34.301	3.32	2.155	1	0	0.3447462835	43.28629836	NAN	
34.401	3.32	2.155	1	0	0.3375648086	43.28629836	NAN	
34.501	3.325	2.155	1	0	0.5017967716	43.09019925	NAN	
34.601	3.33	2.155	1	0	0.4954291069	42.89410014	NAN	
34.701	3.33	2.155	1	0	0.4486089611	42.89410014	NAN	
34.801	3.335	2.155	1	0	0.4733920151	42.69800103	NAN	
34.901	3.34	2.155	1	0	0.6238990303	42.50190192	NAN	
35.001	3.34	2.155	1	0	0.6956651493	42.50190192	NAN	
35.101	3.345	2.155	1	0	0.682202316	42.30580281	NAN	
35.201	3.35	2.155	1	0	0.6218922736	42.1097037	NAN	
35.301	3.35	2.155	1	0	0.602245797	42.1097037	NAN	
35.401	3.355	2.155	1	0	0.7356629663	41.91360459	NAN	
35.501	3.36	2.155	1	0	0.7483648843	41.71750548	NAN	
35.601	3.36	2.155	1	0	0.7431688906	41.71750548	NAN	
35.701	3.365	2.155	1	0	0.478905001	41.52140637	NAN	
35.801	3.365	2.155	1	0	0.6161980201	41.52140637	NAN	
35.901	3.37	2.155	1	0	0.5117616633	41.32530726	NAN	
36.001	3.375	2.155	1	0	0.5016971198	41.12920815	NAN	
36.101	3.375	2.155	1	0	0.4508325632	41.12920815	NAN	
36.201	3.38	2.155	1	0	0.4318564576	40.93310904	NAN	
36.301	3.385	2.155	1	0	0.4009364039	40.73700993	NAN	
36.401	3.39	2.155	1	0	0.4015594601	40.54091082	NAN	
36.501	3.39	2.155	1	0	0.3493565514	40.54091082	NAN	
36.601	3.395	2.155	1	0	0.3896793554	40.34481171	NAN	
36.701	3.395	2.155	1	0	0.3268791826	40.34481171	NAN	
36.801	3.4	2.155	1	0	0.3863288754	40.1487126	NAN	
36.901	3.4	2.155	1	0	0.554977477	40.1487126	NAN	
37.001	3.405	2.155	1	0	0.3906404997	39.95261349	NAN	
37.101	3.41	2.155	1	0	0.4921889881	39.75651438	NAN	
37.201	3.41	2.155	1	0	0.5276362383	39.75651438	NAN	
37.301	3.415	2.155	1	0	0.5966992542	39.56041527	NAN	
37.401	3.42	2.155	1	0	0.57	39.36431616	NAN	
37.501	3.425	2.155	1	0	0.6099180273	39.16821705	NAN	
37.601	3.43	2.155	1	0	0.5632938842	38.97211794	NAN	
37.701	3.435	2.155	1	0	0.6470316839	38.77601883	NAN	
37.801	3.435	2.155	1	0	0.7175304872	38.77601883	NAN	
37.901	3.44	2.155	1	0	0.7978408363	38.57991972	NAN	
38.001	3.44	2.155	1	0	0.8871302046	38.57991972	NAN	
38.101	3.445	2.155	1	0	0.8984430978	38.38382061	NAN	
38.201	3.445	2.155	1	0	0.8205790638	38.38382061	NAN	
38.301	3.45	2.155	1	0	0.7536577473	38.1877215	NAN	
38.401	3.455	2.155	1	0	0.4867237409	37.99162239	NAN	
38.501	3.455	2.155	1	0	0.3754996671	37.99162239	NAN	
38.601	3.46	2.155	1	0	0.3279481666	37.79552328	NAN	
38.701	3.465	2.155	1	0	0.3557386681	37.59942417	NAN	
38.801	3.47	2.155	1	0	0.3936368885	37.40332506	NAN	
38.901	3.47	2.155	1	0	0.3854218468	37.40332506	NAN	
39.001	3.475	2.155	1	0	0.4333012809	37.20722595	NAN	
39.101	3.48	2.155	1	0	0.5717079674	37.01112684	NAN	
39.201	3.48	2.155	1	0	0.5727128425	37.01112684	NAN	
39.301	3.485	2.155	1	0	0.5728437832	36.81502773	NAN	
39.401	3.49	2.155	1	0	0.490662817	36.61892862	NAN	
39.501	3.49	2.155	1	0	0.4301162634	36.61892862	NAN	
39.601	3.495	2.155	1	0	0.3504283094	36.42282951	NAN	
39.701	3.5	2.155	1	0	0.2604803256	36.2267304	NAN	
39.801	3.5	2.155	1	0	0.05196152423	36.2267304	NAN	
39.901	3.505	2.155	1	0	0.1396424004	36.03063129	NAN	
40.001	3.51	2.155	1	0	0.4104266073	35.83453218	NAN	
40.101	3.51	2.155	1	0	0.6244197306	35.83453218	NAN	
40.201	3.515	2.155	1	0	0.7508994606	35.63843307	NAN	
40.301	3.52	2.155	1	0	0.8701149349	35.44233396	NAN	
40.401	3.525	2.155	1	0	0.9638205227	35.24623485	NAN	
40.501	3.525	2.155	1	0	1.039038017	35.24623485	NAN	
40.601	3.53	2.155	1	0	1.094074952	35.05013574	NAN	
40.702	3.535	2.155	1	0	1.127608088	34.85403663	NAN	
40.801	3.535	2.155	1	0	1.149456393	34.85403663	NAN	
40.901	3.535	2.155	1	0	1.193314711	34.85403663	NAN	
41.001	3.545	2.155	1	0	1.197560019	34.46183841	NAN	
41.101	3.55	2.155	1	0	1.218687819	34.2657393	NAN	
41.201	3.55	2.155	1	0	1.24440749	34.2657393	NAN	
41.301	3.555	2.155	1	0	1.256721926	34.06964019	NAN	
41.401	3.56	2.155	1	0	1.265464342	33.87354108	NAN	
41.501	3.56	2.155	1	0	1.286604057	33.87354108	NAN	
41.601	3.565	2.155	1	0	1.280585803	33.67744197	NAN	
41.701	3.565	2.155	1	0	1.279316224	33.67744197	NAN	
41.801	3.57	2.155	1	0	1.267832797	33.48134286	NAN	
41.901	3.575	2.155	1	0	1.251778734	33.28524375	NAN	
42.001	3.575	2.155	1	0	1.256940731	33.28524375	NAN	
42.101	3.58	2.155	1	0	1.261189914	33.08914464	NAN	
42.201	3.585	2.155	1	0	1.258292494	32.89304553	NAN	
42.301	3.59	2.155	1	0	1.257914941	32.69694642	NAN	
42.401	3.595	2.155	1	0	1.260238073	32.50084731	NAN	
42.501	3.6	2.155	1	0	1.265247011	32.3047482	NAN	
42.601	3.6	2.155	1	0	1.245732716	32.3047482	NAN	
42.701	3.6	2.155	1	0	1.227151172	32.3047482	NAN	
42.801	3.605	2.155	1	0	1.210681626	32.10864909	NAN	
42.901	3.61	2.155	1	0	1.204180219	31.91254998	NAN	
43.001	3.61	2.155	1	0	1.175691286	31.91254998	NAN	
43.101	3.62	2.155	1	0	1.135011013	31.52035176	NAN	
43.201	3.625	2.155	1	0	1.089541188	31.32425265	NAN	
43.301	3.635	2.155	1	0	1.01128631	30.93205443	NAN	
43.401	3.635	2.155	1	0	0.8580792504	30.93205443	NAN	
43.501	3.635	2.155	1	0	0.5182663408	30.93205443	NAN	
43.601	3.635	2.155	1	0	0.2214723459	30.93205443	NAN	
43.701	3.65	2.155	1	0	0.1514925741	30.3437571	NAN	
43.801	3.65	2.155	1	0	0.2941938137	30.3437571	NAN	
43.901	3.65	2.155	1	0	0.3374907406	30.3437571	NAN	
44.001	3.65	2.155	1	0	0.4220781918	30.3437571	NAN	
44.101	3.65	2.155	1	0	0.5474942922	30.3437571	NAN	
44.201	3.66	2.155	1	0	0.6189911146	29.95155888	NAN	
44.301	3.665	2.155	1	0	0.686330824	29.75545977	NAN	
44.401	3.67	2.155	1	0	0.6180614856	29.55936066	NAN	
44.501	3.675	2.155	1	0	0.6907604505	29.36326155	NAN	
44.601	3.675	2.155	1	0	0.6387096367	29.36326155	NAN	
44.701	3.68	2.155	1	0	0.6154673021	29.16716244	NAN	
44.801	3.68	2.155	1	0	0.507740091	29.16716244	NAN	
44.901	3.68	2.155	1	0	0.4943177116	29.16716244	NAN	
45.001	3.68	2.155	1	0	0.3434384952	29.16716244	NAN	
45.101	3.685	2.155	1	0	0.2459674775	28.97106333	NAN	
45.201	3.69	2.155	1	0	0.282931087	28.77496422	NAN	
45.301	3.69	2.155	1	0	0.2128379665	28.77496422	NAN	
45.401	3.695	2.155	1	0	0.137658999	28.57886511	NAN	
45.501	3.695	2.155	1	0	0.1017349497	28.57886511	NAN	
45.601	3.7	2.155	1	0	0.1888120759	28.382766	NAN	
45.701	3.705	2.155	1	0	0.2562225595	28.18666689	NAN	
45.801	3.71	2.155	1	0	0.4202975137	27.99056778	NAN	
45.901	3.71	2.155	1	0	0.5286303056	27.99056778	NAN	
46.001	3.715	2.155	1	0	0.5704384279	27.79446867	NAN	
46.101	3.72	2.155	1	0	0.4311032359	27.59836956	NAN	
46.201	3.72	2.155	1	0	0.4662617291	27.59836956	NAN	
46.301	3.725	2.155	1	0	0.3808543029	27.40227045	NAN	
46.401	3.73	2.155	1	0	0.4426059195	27.20617134	NAN	
46.501	3.735	2.155	1	0	0.4330704331	27.01007223	NAN	
46.601	3.735	2.155	1	0	0.5472202482	27.01007223	NAN	
46.701	3.74	2.155	1	0	0.5527205442	26.81397312	NAN	
46.801	3.745	2.155	1	0	0.4894384537	26.61787401	NAN	
46.901	3.75	2.155	1	0	0.5433231083	26.4217749	NAN	
47.001	3.75	2.155	1	0	0.5951470407	26.4217749	NAN	
47.101	3.755	2.155	1	0	0.6754628043	26.22567579	NAN	
47.201	3.755	2.155	1	0	0.7311634564	26.22567579	NAN	
47.301	3.76	2.155	1	0	0.7890817448	26.02957668	NAN	
47.401	3.765	2.155	1	0	0.7407091197	25.83347757	NAN	
47.501	3.765	2.155	1	0	0.762200761	25.83347757	NAN	
47.601	3.77	2.155	1	0	0.8048291744	25.63737846	NAN	
47.701	3.775	2.155	1	0	0.8397023282	25.44127935	NAN	
47.801	3.78	2.155	1	0	0.9052900088	25.24518024	NAN	
47.901	3.785	2.155	1	0	0.9067800174	25.04908113	NAN	
48.001	3.785	2.155	1	0	0.9034932208	25.04908113	NAN	
48.101	3.79	2.155	1	0	0.8567963585	24.85298202	NAN	
48.201	3.795	2.155	1	0	0.8666602564	24.65688291	NAN	
48.301	3.8	2.155	1	0	0.8319254774	24.4607838	NAN	
48.401	3.8	2.155	1	0	0.8437416666	24.4607838	NAN	
48.501	3.805	2.155	1	0	0.7692203845	24.26468469	NAN	
48.601	3.81	2.155	1	0	0.6195562928	24.06858558	NAN	
48.701	3.815	2.155	1	0	0.6503845017	23.87248647	NAN	
48.801	3.815	2.155	1	0	0.6081118318	23.87248647	NAN	
48.901	3.82	2.155	1	0	0.6186275131	23.67638736	NAN	
49.001	3.825	2.155	1	0	0.6664833081	23.48028825	NAN	
49.101	3.83	2.155	1	0	0.6294839156	23.28418914	NAN	
49.201	3.835	2.155	1	0	0.5452063829	23.08809003	NAN	
49.301	3.84	2.155	1	0	0.4410782244	22.89199092	NAN	
49.401	3.84	2.155	1	0	0.3011644069	22.89199092	NAN	
49.501	3.845	2.155	1	0	0.19	22.69589181	NAN	
49.601	3.845	2.155	1	0	0.1854723699	22.69589181	NAN	
49.701	3.85	2.155	1	0	0.3174901573	22.4997927	NAN	
49.801	3.85	2.155	1	0	0.3985599077	22.4997927	NAN	
49.901	3.855	2.155	1	0	0.4437341546	22.30369359	NAN	
50.001	3.855	2.155	1	0	0.4219597137	22.30369359	NAN	
50.101	3.86	2.155	1	0	0.4731278897	22.10759448	NAN	
50.201	3.865	2.155	1	0	0.5362835071	21.91149537	NAN	
50.306	3.87	2.155	1	0	0.5040833264	21.71539626	NAN	
50.415	3.875	2.155	1	0	0.5018465901	21.51929715	NAN	
50.501	3.875	2.155	1	0	0.4925951685	21.51929715	NAN	
50.601	3.88	2.155	1	0	0.4439031426	21.32319804	NAN	
50.701	3.885	2.155	1	0	0.3517101079	21.12709893	NAN	
50.801	3.89	2.155	1	0	0.3837316771	20.93099982	NAN	
50.901	3.89	2.155	1	0	0.4514421336	20.93099982	NAN	
51.001	3.895	2.155	1	0	0.5261653732	20.73490071	NAN	
51.101	3.895	2.155	1	0	0.4926459175	20.73490071	NAN	
51.201	3.9	2.155	1	0	0.4200595196	20.5388016	NAN	
51.301	3.905	2.155	1	0	0.31144823	20.34270249	NAN	
51.401	3.91	2.155	1	0	0.2094039159	20.14660338	NAN	
51.501	3.915	2.155	1	0	0.2313006701	19.95050427	NAN	
51.601	3.92	2.155	1	0	0.3922371731	19.75440516	NAN	
51.701	3.92	2.155	1	0	0.46292548	19.75440516	NAN	
51.801	3.925	2.155	1	0	0.6123724357	19.55830605	NAN	
51.901	3.93	2.155	1	0	0.6203224968	19.36220694	NAN	
52.001	3.935	2.155	1	0	0.5768882041	19.16610783	NAN	
52.101	3.94	2.155	1	0	0.4549725266	18.97000872	NAN	
52.201	3.945	2.155	1	0	0.4295928305	18.77390961	NAN	
52.301	3.945	2.155	1	0	0.2468805379	18.77390961	NAN	
52.401	3.95	2.155	1	0	0.2085665361	18.5778105	NAN	
52.501	3.95	2.155	1	0	0.400437261	18.5778105	NAN	
52.601	3.955	2.155	1	0	0.6119640512	18.38171139	NAN	
52.701	3.96	2.155	1	0	0.9812237258	18.18561228	NAN	
52.801	3.965	2.155	1	0	1.138024604	17.98951317	NAN	
52.901	3.97	2.155	1	0	1.214763351	17.79341406	NAN	
53.001	3.975	2.155	1	0	1.264317998	17.59731495	NAN	
53.101	3.975	2.155	1	0	1.311125471	17.59731495	NAN	
53.201	3.98	2.155	1	0	1.370510854	17.40121584	NAN	
53.301	3.985	2.155	1	0	1.408971256	17.20511673	NAN	
53.401	3.985	2.155	1	0	1.428740704	17.20511673	NAN	
53.501	3.99	2.155	1	0	1.439652736	17.00901762	NAN	
53.601	3.995	2.155	1	0	1.449154926	16.81291851	NAN	
53.701	4	2.155	1	0	1.452601115	16.6168194	NAN	
53.801	4	2.155	1	0	1.459845882	16.6168194	NAN	
53.901	4.005	2.155	1	0	1.460154101	16.42072029	NAN	
54.001	4.01	2.155	1	0	1.460308187	16.22462118	NAN	
54.101	4.01	2.155	1	0	1.460017123	16.22462118	NAN	
54.201	4.015	2.155	1	0	1.460102736	16.02852207	NAN	
54.301	4.02	2.155	1	0	1.459109317	15.83242296	NAN	
54.401	4.025	2.155	1	0	1.453736565	15.63632385	NAN	
54.501	4.025	2.155	1	0	1.450086204	15.63632385	NAN	
54.601	4.03	2.155	1	0	1.446685868	15.44022474	NAN	
54.701	4.04	2.155	1	0	1.43794993	15.04802652	NAN	
54.801	4.04	2.155	1	0	1.422849254	15.04802652	NAN	
54.901	4.04	2.155	1	0	1.407746426	15.04802652	NAN	
55.001	4.045	2.155	1	0	1.381864682	14.85192741	NAN	
55.101	4.055	2.155	1	0	1.330131572	14.45972919	NAN	
55.201	4.055	2.155	1	0	1.27080683	14.45972919	NAN	
55.301	4.055	2.155	1	0	1.240524083	14.45972919	NAN	
55.401	4.06	2.155	1	0	1.140789201	14.26363008	NAN	
55.501	4.065	2.155	1	0	0.9900505038	14.06753097	NAN	
55.601	4.07	2.155	1	0	0.4615733961	13.87143186	NAN	
55.701	4.07	2.155	1	0	0.09327379053	13.87143186	NAN	
55.801	4.08	2.155	1	0	0.4746577715	13.47923364	NAN	
55.901	4.08	2.155	1	0	0.8539906323	13.47923364	NAN	
56.001	4.085	2.155	1	0	0.9908329829	13.28313453	NAN	
56.101	4.095	2.155	1	0	1.053565375	12.89093631	NAN	
56.201	4.095	2.155	1	0	1.085909757	12.89093631	NAN	
56.301	4.1	2.155	1	0	1.106571281	12.6948372	NAN	
56.401	4.11	2.155	1	0	1.085587399	12.30263898	NAN	
56.501	4.11	2.155	1	0	1.058938147	12.30263898	NAN	
56.601	4.11	2.155	1	0	1.037978805	12.30263898	NAN	
56.701	4.115	2.155	1	0	0.957209486	12.10653987	NAN	
56.801	4.12	2.155	1	0	0.7399324293	11.91044076	NAN	
56.901	4.125	2.155	1	0	0.4777028365	11.71434165	NAN	
57.001	4.125	2.155	1	0	0.405030863	11.71434165	NAN	
57.101	4.13	2.155	1	0	0.577321401	11.51824254	NAN	
57.201	4.135	2.155	1	0	0.7567364138	11.32214343	NAN	
57.301	4.14	2.155	1	0	0.8924684868	11.12604432	NAN	
57.401	4.145	2.155	1	0	0.9619771307	10.92994521	NAN	
57.501	4.145	2.155	1	0	0.9874208829	10.92994521	NAN	
57.601	4.15	2.155	1	0	0.9673417183	10.7338461	NAN	
57.701	4.155	2.155	1	0	0.924526906	10.53774699	NAN	
57.802	4.155	2.155	1	0	0.8918800368	10.53774699	NAN	
57.901	4.16	2.155	1	0	0.8245908076	10.34164788	NAN	
58.001	4.165	2.155	1	0	0.7816009212	10.14554877	NAN	
58.101	4.165	2.155	1	0	0.7037755324	10.14554877	NAN	
58.201	4.17	2.155	1	0	0.7480975872	9.94944966	NAN	
58.301	4.175	2.155	1	0	0.7358668358	9.75335055	NAN	
58.401	4.18	2.155	1	0	0.7235329986	9.55725144	NAN	
58.501	4.185	2.155	1	0	0.7212835781	9.36115233	NAN	
58.601	4.19	2.155	1	0	0.7867337542	9.16505322	NAN	
58.701	4.19	2.155	1	0	0.775370879	9.16505322	NAN	
58.801	4.195	2.155	1	0	0.7730135833	8.96895411	NAN	
58.901	4.2	2.155	1	0	0.6610597552	8.772855	NAN	
59.001	4.205	2.155	1	0	0.5984981203	8.57675589	NAN	
59.101	4.205	2.155	1	0	0.6396874237	8.57675589	NAN	
59.201	4.21	2.155	1	0	0.6198386887	8.38065678	NAN	
59.301	4.215	2.155	1	0	0.6048966854	8.18455767	NAN	
59.401	4.215	2.155	1	0	0.509460499	8.18455767	NAN	
59.501	4.22	2.155	1	0	0.4750263151	7.98845856	NAN	
59.601	4.225	2.155	1	0	0.4066939882	7.79235945	NAN	
59.701	4.225	2.155	1	0	0.3941446435	7.79235945	NAN	
59.801	4.23	2.155	1	0	0.3380828301	7.59626034	NAN	
59.901	4.235	2.155	1	0	0.3940177661	7.40016123	NAN	
60.001	4.24	2.155	1	0	0.2930870178	7.20406212	NAN	
60.101	4.245	2.155	1	0	0.2241651177	7.00796301	NAN	
60.201	4.25	2.155	1	0	0.2126029163	6.8118639	NAN	
60.301	4.255	2.155	1	0	0.07615773106	6.61576479	NAN	
60.401	4.255	2.155	1	0	0.03082207001	6.61576479	NAN	
60.501	4.255	2.155	1	0	0.1471393897	6.61576479	NAN	
60.601	4.26	2.155	1	0	0.3277193922	6.41966568	NAN	
60.701	4.265	2.155	1	0	0.3420526275	6.22356657	NAN	
60.801	4.27	2.155	1	0	0.4843036238	6.02746746	NAN	
60.901	4.275	2.155	1	0	0.5659063527	5.83136835	NAN	
61.001	4.275	2.155	1	0	0.6190315016	5.83136835	NAN	
61.101	4.28	2.155	1	0	0.569912274	5.63526924	NAN	
61.201	4.28	2.155	1	0	0.5241183073	5.63526924	NAN	
61.301	4.285	2.155	1	0	0.5323532662	5.43917013	NAN	
61.401	4.295	2.155	1	0	0.5008991915	5.04697191	NAN	
61.501	4.295	2.155	1	0	0.4784871994	5.04697191	NAN	
61.601	4.3	2.155	1	0	0.5148300691	4.8508728	NAN	
61.701	4.305	2.155	1	0	0.6517668295	4.65477369	NAN	
61.801	4.31	2.155	1	0	0.8128345465	4.45867458	NAN	
61.901	4.315	2.155	1	0	0.8803124445	4.26257547	NAN	
62.001	4.315	2.155	1	0	0.8689649015	4.26257547	NAN	
62.101	4.32	2.155	1	0	0.8568838895	4.06647636	NAN	
62.201	4.325	2.155	1	0	0.7965864674	3.87037725	NAN	
62.301	4.325	2.155	1	0	0.81354164	3.87037725	NAN	
62.401	4.33	2.155	1	0	0.6678323143	3.67427814	NAN	
62.501	4.33	2.155	1	0	0.4666369038	3.67427814	NAN	
62.601	4.335	2.155	1	0	0.4978955714	3.47817903	NAN	
62.701	4.335	2.155	1	0	0.4924428901	3.47817903	NAN	
62.801	4.34	2.155	1	0	0.4411349	3.28207992	NAN	
62.901	4.345	2.155	1	0	0.465295605	3.08598081	NAN	
63.001	4.355	2.155	1	0	0.6276543635	2.69378259	NAN	
63.101	4.355	2.155	1	0	0.7066823898	2.69378259	NAN	
63.201	4.36	2.155	1	0	0.6610597552	2.49768348	NAN	
63.301	4.37	2.155	1	0	0.8034301463	2.10548526	NAN	
63.401	4.375	2.155	1	0	0.9360555539	1.90938615	NAN	
63.501	4.375	2.155	1	0	0.9723425322	1.90938615	NAN	
63.601	4.38	2.155	1	0	1.088921485	1.71328704	NAN	
63.701	4.38	2.155	1	0	1.184208596	1.71328704	NAN	
63.801	4.38	2.155	1	0	1.258808961	1.71328704	NAN	
63.901	4.38	2.155	1	0	1.310190826	1.71328704	NAN	
64.001	4.39	2.155	1	0	1.372607009	1.32108882	NAN	
64.101	4.4	2.155	1	0	1.411364588	0.9288906	NAN	
64.201	4.4	2.155	1	0	1.436436563	0.9288906	NAN	
64.301	4.4	2.155	1	0	1.44962064	0.9288906	NAN	
64.401	4.405	2.155	1	0	1.46	0.73279149	NAN	
64.501	4.405	2.155	1	0	1.468996256	0.73279149	NAN	
64.601	4.41	2.155	1	0	1.470578118	0.53669238	NAN	
64.701	4.415	2.155	1	0	1.471173001	0.34059327	NAN	
64.801	4.425	2.155	1	0	1.47122398	-0.05160495	NAN	
64.901	4.43	2.155	1	0	1.472124315	-0.24770406	NAN	
65.001	4.43	2.155	1	0	1.472633695	-0.24770406	NAN	
65.101	4.43	2.155	1	0	1.474075982	-0.24770406	NAN	
65.201	4.43	2.155	1	0	1.47397422	-0.24770406	NAN	
65.301	4.435	2.155	1	0	1.475161008	-0.44380317	NAN	
65.401	4.44	2.155	1	0	1.47397422	-0.63990228	NAN	
65.501	4.445	2.155	1	0	1.474974576	-0.83600139	NAN	
65.601	4.45	2.155	1	0	1.473125928	-1.0321005	NAN	
65.701	4.455	2.155	1	0	1.465793301	-1.22819961	NAN	
65.801	4.465	2.155	1	0	1.448136734	-1.62039783	NAN	
65.901	4.465	2.155	1	0	1.423920644	-1.62039783	NAN	
66.001	4.465	2.155	1	0	1.398660073	-1.62039783	NAN	
66.101	4.47	2.155	1	0	1.326687605	-1.81649694	NAN	
66.201	4.47	2.155	1	0	1.274931371	-1.81649694	NAN	
66.301	4.47	2.155	1	0	1.174457321	-1.81649694	NAN	
66.401	4.47	2.155	1	0	0.9713392816	-1.81649694	NAN	
66.501	4.48	2.155	1	0	0.3411744422	-2.20869516	NAN	
66.601	4.485	2.155	1	0	0.684032163	-2.40479427	NAN	
66.701	4.495	2.155	1	0	1.059528197	-2.79699249	NAN	
66.801	4.495	2.155	1	0	1.163464654	-2.79699249	NAN	
66.901	4.505	2.155	1	0	1.20722823	-3.18919071	NAN	
67.001	4.505	2.155	1	0	1.239052057	-3.18919071	NAN	
67.101	4.505	2.155	1	0	1.258133538	-3.18919071	NAN	
67.202	4.505	2.155	1	0	1.251638926	-3.18919071	NAN	
67.312	4.51	2.155	1	0	1.226152519	-3.38528982	NAN	
67.401	4.52	2.155	1	0	1.184694053	-3.77748804	NAN	
67.501	4.525	2.155	1	0	1.136155799	-3.97358715	NAN	
67.601	4.53	2.155	1	0	1.101113073	-4.16968626	NAN	
67.701	4.53	2.155	1	0	1.016857906	-4.16968626	NAN	
67.801	4.535	2.155	1	0	0.9180141611	-4.36578537	NAN	
67.901	4.54	2.155	1	0	0.8716650733	-4.56188448	NAN	
68.001	4.545	2.155	1	0	0.8489405162	-4.75798359	NAN	
68.101	4.55	2.155	1	0	0.8790620001	-4.9540827	NAN	
68.201	4.55	2.155	1	0	0.9101922874	-4.9540827	NAN	
68.301	4.55	2.155	1	0	0.9294622101	-4.9540827	NAN	
68.401	4.555	2.155	1	0	0.9670056877	-5.15018181	NAN	
68.501	4.56	2.155	1	0	0.9766780432	-5.34628092	NAN	
68.601	4.565	2.155	1	0	0.9580970723	-5.54238003	NAN	
68.701	4.57	2.155	1	0	0.8712921439	-5.73847914	NAN	
68.801	4.575	2.155	1	0	0.7543871685	-5.93457825	NAN	
68.901	4.58	2.155	1	0	0.7271519786	-6.13067736	NAN	
69.001	4.585	2.155	1	0	0.6987131028	-6.32677647	NAN	
69.101	4.59	2.155	1	0	0.6713419397	-6.52287558	NAN	
69.201	4.59	2.155	1	0	0.5909737727	-6.52287558	NAN	
69.301	4.595	2.155	1	0	0.4714870094	-6.71897469	NAN	
69.401	4.595	2.155	1	0	0.4497777229	-6.71897469	NAN	
69.501	4.6	2.155	1	0	0.4857983121	-6.9150738	NAN	
69.601	4.605	2.155	1	0	0.4841487375	-7.11117291	NAN	
69.701	4.61	2.155	1	0	0.3077336511	-7.30727202	NAN	
69.801	4.61	2.155	1	0	0.1809696107	-7.30727202	NAN	
69.901	4.61	2.155	1	0	0.09669539803	-7.30727202	NAN	
70.001	4.62	2.155	1	0	0.1280624847	-7.69947024	NAN	
70.101	4.625	2.155	1	0	0.09407443861	-7.89556935	NAN	
70.201	4.63	2.155	1	0	0.06519202405	-8.09166846	NAN	
70.301	4.63	2.155	1	0	0.05958187644	-8.09166846	NAN	
70.401	4.635	2.155	1	0	0.1542724862	-8.28776757	NAN	
70.501	4.635	2.155	1	0	0.3112073264	-8.28776757	NAN	
70.601	4.645	2.155	1	0	0.3790118732	-8.67996579	NAN	
70.701	4.655	2.155	1	0	0.4195235393	-9.07216401	NAN	
70.801	4.655	2.155	1	0	0.4686683262	-9.07216401	NAN	
70.901	4.655	2.155	1	0	0.4301743832	-9.07216401	NAN	
71.001	4.655	2.155	1	0	0.2937686164	-9.07216401	NAN	
71.101	4.665	2.155	1	0	0.1907878403	-9.46436223	NAN	
71.201	4.665	2.155	1	0	0.1641645516	-9.46436223	NAN	
71.301	4.665	2.155	1	0	0.1518222645	-9.46436223	NAN	
71.401	4.665	2.155	1	0	0.1398213145	-9.46436223	NAN	
71.501	4.675	2.155	1	0	0.2259424706	-9.85656045	NAN	
71.601	4.68	2.155	1	0	0.3323401872	-10.05265956	NAN	
71.701	4.685	2.155	1	0	0.4087175064	-10.24875867	NAN	
71.801	4.685	2.155	1	0	0.4925444142	-10.24875867	NAN	
71.901	4.685	2.155	1	0	0.5274466798	-10.24875867	NAN	
72.001	4.69	2.155	1	0	0.5898304841	-10.44485778	NAN	
72.101	4.7	2.155	1	0	0.652610144	-10.837056	NAN	
72.201	4.705	2.155	1	0	0.7667789773	-11.03315511	NAN	
72.301	4.71	2.155	1	0	0.8170985253	-11.22925422	NAN	
72.401	4.71	2.155	1	0	0.8868765416	-11.22925422	NAN	
72.501	4.715	2.155	1	0	0.9200543462	-11.42535333	NAN	
72.601	4.72	2.155	1	0	0.9422844581	-11.62145244	NAN	
72.701	4.725	2.155	1	0	0.964339152	-11.81755155	NAN	
72.801	4.735	2.155	1	0	0.9042400124	-12.20974977	NAN	
72.901	4.735	2.155	1	0	0.8266801074	-12.20974977	NAN	
73.001	4.735	2.155	1	0	0.7540557009	-12.20974977	NAN	
73.101	4.735	2.155	1	0	0.8117265549	-12.20974977	NAN	
73.201	4.735	2.155	1	0	0.8014050162	-12.20974977	NAN	
73.301	4.74	2.155	1	0	0.6636264009	-12.40584888	NAN	
73.401	4.75	2.155	1	0	0.6926759704	-12.7980471	NAN	
73.501	4.76	2.155	1	0	0.7397972695	-13.19024532	NAN	
73.601	4.765	2.155	1	0	0.6568485366	-13.38634443	NAN	
73.701	4.765	2.155	1	0	0.4198213906	-13.38634443	NAN	
73.801	4.765	2.155	1	0	0.3336914743	-13.38634443	NAN	
73.901	4.765	2.155	1	0	0.450555213	-13.38634443	NAN	
74.001	4.77	2.155	1	0	0.5301886457	-13.58244354	NAN	
74.101	4.77	2.155	1	0	0.8114493207	-13.58244354	NAN	
74.201	4.78	2.155	1	0	1.061272821	-13.97464176	NAN	
74.301	4.785	2.155	1	0	1.180889495	-14.17074087	NAN	
74.401	4.79	2.155	1	0	1.221065109	-14.36683998	NAN	
74.501	4.79	2.155	1	0	1.291607526	-14.36683998	NAN	
74.601	4.795	2.155	1	0	1.360330842	-14.56293909	NAN	
74.701	4.8	2.155	1	0	1.399088989	-14.7590382	NAN	
74.801	4.805	2.155	1	0	1.418573227	-14.95513731	NAN	
74.901	4.805	2.155	1	0	1.430192295	-14.95513731	NAN	
75.001	4.82	2.155	1	0	1.440156242	-15.54343464	NAN	
75.101	4.82	2.155	1	0	1.449361929	-15.54343464	NAN	
75.201	4.82	2.155	1	0	1.450068964	-15.54343464	NAN	
75.301	4.825	2.155	1	0	1.452084708	-15.73953375	NAN	
75.401	4.825	2.155	1	0	1.452704375	-15.73953375	NAN	
75.501	4.825	2.155	1	0	1.451154713	-15.73953375	NAN	
75.601	4.835	2.155	1	0	1.450086204	-16.13173197	NAN	
75.701	4.845	2.155	1	0	1.44893064	-16.52393019	NAN	
75.801	4.845	2.155	1	0	1.446530332	-16.52393019	NAN	
75.901	4.85	2.155	1	0	1.440433962	-16.7200293	NAN	
76.001	4.85	2.155	1	0	1.436227698	-16.7200293	NAN	
76.101	4.855	2.155	1	0	1.423551896	-16.91612841	NAN	
76.201	4.86	2.155	1	0	1.407320148	-17.11222752	NAN	
76.301	4.87	2.155	1	0	1.383853316	-17.50442574	NAN	
76.401	4.87	2.155	1	0	1.34061553	-17.50442574	NAN	
76.501	4.875	2.155	1	0	1.284990272	-17.70052485	NAN	
76.601	4.875	2.155	1	0	1.223601242	-17.70052485	NAN	
76.701	4.88	2.155	1	0	1.129358225	-17.89662396	NAN	
76.801	4.885	2.155	1	0	0.9639242709	-18.09272307	NAN	
76.901	4.89	2.155	1	0	0.4815599651	-18.28882218	NAN	
77.001	4.89	2.155	1	0	0.1374772708	-18.28882218	NAN	
77.101	4.895	2.155	1	0	0.6715653356	-18.48492129	NAN	
77.201	4.9	2.155	1	0	0.8953770156	-18.6810204	NAN	
77.301	4.9	2.155	1	0	1.056882207	-18.6810204	NAN	
77.401	4.91	2.155	1	0	1.114764549	-19.07321862	NAN	
77.501	4.915	2.155	1	0	1.145556633	-19.26931773	NAN	
77.601	4.915	2.155	1	0	1.164517067	-19.26931773	NAN	
77.701	4.92	2.155	1	0	1.16946569	-19.46541684	NAN	
77.801	4.925	2.155	1	0	1.157043647	-19.66151595	NAN	
77.901	4.93	2.155	1	0	1.128981842	-19.85761506	NAN	
78.001	4.93	2.155	1	0	1.082081328	-19.85761506	NAN	
78.101	4.935	2.155	1	0	1.022888068	-20.05371417	NAN	
78.201	4.94	2.155	1	0	0.9741406469	-20.24981328	NAN	
78.301	4.94	2.155	1	0	0.9231467922	-20.24981328	NAN	
78.401	4.94	2.155	1	0	0.8820430828	-20.24981328	NAN	
78.501	4.945	2.155	1	0	0.8824114686	-20.44591239	NAN	
78.601	4.945	2.155	1	0	0.8888475685	-20.44591239	NAN	
78.701	4.95	2.155	1	0	0.8882285742	-20.6420115	NAN	
78.801	4.96	2.155	1	0	0.8928325711	-21.03420972	NAN	
78.901	4.965	2.155	1	0	0.9074139078	-21.23030883	NAN	
79.001	4.97	2.155	1	0	0.9237965144	-21.42640794	NAN	
79.101	4.97	2.155	1	0	0.939946807	-21.42640794	NAN	
79.201	4.975	2.155	1	0	0.9246621004	-21.62250705	NAN	
79.301	4.975	2.155	1	0	0.8896347565	-21.62250705	NAN	
79.401	4.975	2.155	1	0	0.8334266614	-21.62250705	NAN	
79.501	4.98	2.155	1	0	0.7626598193	-21.81860616	NAN	
79.601	4.985	2.155	1	0	0.6515366452	-22.01470527	NAN	
79.701	4.99	2.155	1	0	0.4829596256	-22.21080438	NAN	
79.801	4.99	2.155	1	0	0.334290293	-22.21080438	NAN	
79.901	5	2.155	1	0	0.286618213	-22.6030026	NAN	
80.001	5.005	2.155	1	0	0.2111871208	-22.79910171	NAN	
80.101	5.005	2.155	1	0	0.1284523258	-22.79910171	NAN	
80.215	5.01	2.155	1	0	0.06480740698	-22.99520082	NAN	
80.309	5.01	2.155	1	0	0.06	-22.99520082	NAN	
80.403	5.015	2.155	1	0	0.0469041576	-23.19129993	NAN	
80.515	5.025	2.155	1	0	0.04242640687	-23.58349815	NAN	
80.61	5.025	2.155	1	0	0.1022252415	-23.58349815	NAN	
80.705	5.025	2.155	1	0	0.185876303	-23.58349815	NAN	
80.802	5.03	2.155	1	0	0.2513961018	-23.77959726	NAN	
80.914	5.035	2.155	1	0	0.3430014577	-23.97569637	NAN	
81.009	5.035	2.155	1	0	0.4795831523	-23.97569637	NAN	
81.103	5.04	2.155	1	0	0.5701754116	-24.17179548	NAN	
81.201	5.045	2.155	1	0	0.5994163828	-24.36789459	NAN	
81.311	5.05	2.155	1	0	0.596615454	-24.5639937	NAN	
81.401	5.055	2.155	1	0	0.5801292959	-24.76009281	NAN	
81.501	5.055	2.155	1	0	0.509754843	-24.76009281	NAN	
81.601	5.06	2.155	1	0	0.445701694	-24.95619192	NAN	
81.701	5.06	2.155	1	0	0.3543303543	-24.95619192	NAN	
81.801	5.065	2.155	1	0	0.2724885319	-25.15229103	NAN	
81.901	5.07	2.155	1	0	0.1815213486	-25.34839014	NAN	
82.001	5.075	2.155	1	0	0.09669539803	-25.54448925	NAN	
82.101	5.08	2.155	1	0	0.0894427191	-25.74058836	NAN	
82.201	5.08	2.155	1	0	0.08803408431	-25.74058836	NAN	
82.301	5.085	2.155	1	0	0.09823441352	-25.93668747	NAN	
82.401	5.09	2.155	1	0	0.1282575534	-26.13278658	NAN	
82.501	5.095	2.155	1	0	0.2127204739	-26.32888569	NAN	
82.601	5.1	2.155	1	0	0.2809804264	-26.5249848	NAN	
82.701	5.105	2.155	1	0	0.3084639363	-26.72108391	NAN	
82.801	5.105	2.155	1	0	0.3352610923	-26.72108391	NAN	
82.901	5.11	2.155	1	0	0.3640741683	-26.91718302	NAN	
83.001	5.11	2.155	1	0	0.3129696471	-26.91718302	NAN	
83.101	5.115	2.155	1	0	0.3528455753	-27.11328213	NAN	
83.201	5.125	2.155	1	0	0.3738983819	-27.50548035	NAN	
83.301	5.125	2.155	1	0	0.4147288271	-27.50548035	NAN	
83.401	5.13	2.155	1	0	0.4701063709	-27.70157946	NAN	
83.501	5.135	2.155	1	0	0.5402314319	-27.89767857	NAN	
83.601	5.14	2.155	1	0	0.6251399843	-28.09377768	NAN	
83.701	5.14	2.155	1	0	0.5864725057	-28.09377768	NAN	
83.801	5.145	2.155	1	0	0.4731278897	-28.28987679	NAN	
83.901	5.15	2.155	1	0	0.3512121866	-28.4859759	NAN	
84.001	5.155	2.155	1	0	0.3388952641	-28.68207501	NAN	
84.101	5.155	2.155	1	0	0.2590366769	-28.68207501	NAN	
84.201	5.16	2.155	1	0	0.2423839929	-28.87817412	NAN	
84.301	5.165	2.155	1	0	0.2547547841	-29.07427323	NAN	
84.401	5.165	2.155	1	0	0.2372762104	-29.07427323	NAN	
84.501	5.17	2.155	1	0	0.4062634613	-29.27037234	NAN	
84.601	5.175	2.155	1	0	0.5514979601	-29.46647145	NAN	
84.701	5.175	2.155	1	0	0.6860029154	-29.46647145	NAN	
84.801	5.18	2.155	1	0	0.6662206842	-29.66257056	NAN	
84.901	5.185	2.155	1	0	0.5455272679	-29.85866967	NAN	
85.001	5.19	2.155	1	0	0.400437261	-30.05476878	NAN	
85.101	5.195	2.155	1	0	0.2933428029	-30.25086789	NAN	
85.201	5.205	2.155	1	0	0.3107249588	-30.64306611	NAN	
85.301	5.205	2.155	1	0	0.3423448554	-30.64306611	NAN	
85.401	5.21	2.155	1	0	0.4055243519	-30.83916522	NAN	
85.501	5.21	2.155	1	0	0.5521775077	-30.83916522	NAN	
85.601	5.215	2.155	1	0	0.7521303079	-31.03526433	NAN	
85.701	5.215	2.155	1	0	0.883544	-31.03526433	NAN	
85.801	5.22	2.155	1	0	0.9811727677	-31.23136344	NAN	
85.901	5.225	2.155	1	0	1.047520883	-31.42746255	NAN	
86.001	5.23	2.155	1	0	1.096540013	-31.62356166	NAN	
86.101	5.235	2.155	1	0	1.118279929	-31.81966077	NAN	
86.201	5.235	2.155	1	0	1.161486117	-31.81966077	NAN	
86.301	5.24	2.155	1	0	1.191427715	-32.01575988	NAN	
86.401	5.245	2.155	1	0	1.220266364	-32.21185899	NAN	
86.501	5.25	2.155	1	0	1.247096628	-32.4079581	NAN	
86.601	5.25	2.155	1	0	1.260357092	-32.4079581	NAN	
86.701	5.255	2.155	1	0	1.269271445	-32.60405721	NAN	
86.801	5.26	2.155	1	0	1.269488086	-32.80015632	NAN	
86.901	5.26	2.155	1	0	1.28	-32.80015632	NAN	
87.001	5.265	2.155	1	0	1.289360307	-32.99625543	NAN	
87.101	5.27	2.155	1	0	1.290193784	-33.19235454	NAN	
87.201	5.275	2.155	1	0	1.287381062	-33.38845365	NAN	
87.301	5.28	2.155	1	0	1.27298861	-33.58455276	NAN	
87.401	5.285	2.155	1	0	1.265444586	-33.78065187	NAN	
87.501	5.285	2.155	1	0	1.251858618	-33.78065187	NAN	
87.601	5.29	2.155	1	0	1.243563428	-33.97675098	NAN	
87.701	5.295	2.155	1	0	1.226376777	-34.17285009	NAN	
87.801	5.3	2.155	1	0	1.203391042	-34.3689492	NAN	
87.901	5.305	2.155	1	0	1.17262526	-34.56504831	NAN	
88.001	5.31	2.155	1	0	1.142234652	-34.76114742	NAN	
88.101	5.31	2.155	1	0	1.118436409	-34.76114742	NAN	
88.201	5.315	2.155	1	0	1.111597949	-34.95724653	NAN	
88.301	5.315	2.155	1	0	1.094920088	-34.95724653	NAN	
88.401	5.32	2.155	1	0	1.058253278	-35.15334564	NAN	
88.501	5.325	2.155	1	0	1.001049449	-35.34944475	NAN	
88.601	5.325	2.155	1	0	0.9306718004	-35.34944475	NAN	
88.701	5.33	2.155	1	0	0.8545759182	-35.54554386	NAN	
88.801	5.335	2.155	1	0	0.7085901495	-35.74164297	NAN	
88.901	5.34	2.155	1	0	0.6009575692	-35.93774208	NAN	
89.001	5.345	2.155	1	0	0.4346837931	-36.13384119	NAN	
89.101	5.35	2.155	1	0	0.478905001	-36.3299403	NAN	
89.201	5.35	2.155	1	0	0.4982469267	-36.3299403	NAN	
89.301	5.355	2.155	1	0	0.6081118318	-36.52603941	NAN	
89.401	5.36	2.155	1	0	0.6910137481	-36.72213852	NAN	
89.501	5.36	2.155	1	0	0.6972087205	-36.72213852	NAN	
89.601	5.365	2.155	1	0	0.6717142249	-36.91823763	NAN	
89.701	5.37	2.155	1	0	0.6450968919	-37.11433674	NAN	
89.801	5.375	2.155	1	0	0.6401562309	-37.31043585	NAN	
89.901	5.375	2.155	1	0	0.6500384604	-37.31043585	NAN	
90.001	5.38	2.155	1	0	0.5302357966	-37.50653496	NAN	
90.101	5.385	2.155	1	0	0.3563705936	-37.70263407	NAN	
90.201	5.39	2.155	1	0	0.2256102835	-37.89873318	NAN	
90.301	5.395	2.155	1	0	0.2350531855	-38.09483229	NAN	
90.401	5.395	2.155	1	0	0.2690724809	-38.09483229	NAN	
90.501	5.4	2.155	1	0	0.3312099032	-38.2909314	NAN	
90.601	5.4	2.155	1	0	0.3801973172	-38.2909314	NAN	
90.701	5.405	2.155	1	0	0.4348562981	-38.48703051	NAN	
90.801	5.41	2.155	1	0	0.4770744177	-38.68312962	NAN	
90.901	5.415	2.155	1	0	0.4943177116	-38.87922873	NAN	
91.001	5.42	2.155	1	0	0.5652433104	-39.07532784	NAN	
91.101	5.425	2.155	1	0	0.6348228099	-39.27142695	NAN	
91.201	5.425	2.155	1	0	0.7271863585	-39.27142695	NAN	
91.312	5.43	2.155	1	0	0.7218032973	-39.46752606	NAN	
91.406	5.435	2.155	1	0	0.6935776813	-39.66362517	NAN	
91.508	5.435	2.155	1	0	0.6367102952	-39.66362517	NAN	
91.601	5.445	2.155	1	0	0.6760917098	-40.05582339	NAN	
91.701	5.445	2.155	1	0	0.6485753619	-40.05582339	NAN	
91.801	5.45	2.155	1	0	0.5323532662	-40.2519225	NAN	
91.901	5.45	2.155	1	0	0.3861994303	-40.2519225	NAN	
92.001	5.455	2.155	1	0	0.2502998202	-40.44802161	NAN	
92.101	5.46	2.155	1	0	0.2176005515	-40.64412072	NAN	
92.201	5.46	2.155	1	0	0.178605711	-40.64412072	NAN	
92.301	5.47	2.155	1	0	0.1504991694	-41.03631894	NAN	
92.401	5.47	2.155	1	0	0.07968688725	-41.03631894	NAN	
92.501	5.475	2.155	1	0	0.02549509757	-41.23241805	NAN	
92.601	5.48	2.155	1	0	0.02549509757	-41.42851716	NAN	
92.701	5.48	2.155	1	0	0.04123105626	-41.42851716	NAN	
92.801	5.485	2.155	1	0	0.05049752469	-41.62461627	NAN	
92.901	5.49	2.155	1	0	0.1486606875	-41.82071538	NAN	
93.001	5.495	2.155	1	0	0.195192213	-42.01681449	NAN	
93.101	5.505	2.155	1	0	0.262488095	-42.40901271	NAN	
93.201	5.505	2.155	1	0	0.2441311123	-42.40901271	NAN	
93.301	5.505	2.155	1	0	0.2565151068	-42.40901271	NAN	
93.401	5.51	2.155	1	0	0.2882707061	-42.60511182	NAN	
93.501	5.51	2.155	1	0	0.3843826219	-42.60511182	NAN	
93.601	5.52	2.155	1	0	0.4462622547	-42.99731004	NAN	
93.701	5.52	2.155	1	0	0.450555213	-42.99731004	NAN	
93.801	5.525	2.155	1	0	0.3803288051	-43.19340915	NAN	
93.901	5.53	2.155	1	0	0.294872854	-43.38950826	NAN	
94.001	5.535	2.155	1	0	0.2340939982	-43.58560737	NAN	
94.101	5.54	2.155	1	0	0.1996246478	-43.78170648	NAN	
94.201	5.545	2.155	1	0	0.2456623699	-43.97780559	NAN	
94.301	5.545	2.155	1	0	0.2137755833	-43.97780559	NAN	
94.401	5.55	2.155	1	0	0.1878829423	-44.1739047	NAN	
94.501	5.55	2.155	1	0	0.1794435844	-44.1739047	NAN	
94.601	5.555	2.155	1	0	0.153785565	-44.37000381	NAN	
94.701	5.56	2.155	1	0	0.1166190379	-44.56610292	NAN	
94.801	5.565	2.155	1	0	0.1435270009	-44.76220203	NAN	
94.901	5.57	2.155	1	0	0.2021138293	-44.95830114	NAN	
95.001	5.575	2.155	1	0	0.24989998	-45.15440025	NAN	
95.101	5.575	2.155	1	0	0.3065941943	-45.15440025	NAN	
95.201	5.58	2.155	1	0	0.3275667871	-45.35049936	NAN	
95.301	5.58	2.155	1	0	0.43063906	-45.35049936	NAN	
95.401	5.585	2.155	1	0	0.4770220121	-45.54659847	NAN	
95.501	5.59	2.155	1	0	0.4411915684	-45.74269758	NAN	
95.601	5.595	2.155	1	0	0.3355592347	-45.93879669	NAN	
95.701	5.595	2.155	1	0	0.2851315486	-45.93879669	NAN	
95.812	5.6	2.155	1	0	0.3405143169	-46.1348958	NAN	
95.905	5.605	2.155	1	0	0.3428556548	-46.33099491	NAN	
96.015	5.61	2.155	1	0	0.2767670501	-46.52709402	NAN	
96.101	5.61	2.155	1	0	0.2900861941	-46.52709402	NAN	
96.201	5.615	2.155	1	0	0.3732961291	-46.72319313	NAN	
96.301	5.62	2.155	1	0	0.35665109	-46.91929224	NAN	
96.401	5.62	2.155	1	0	0.2973213749	-46.91929224	NAN	
96.501	5.625	2.155	1	0	0.2311925604	-47.11539135	NAN	
96.601	5.63	2.155	1	0	0.2754087871	-47.31149046	NAN	
96.701	5.635	2.155	1	0	0.316464848	-47.50758957	NAN	
96.801	5.64	2.155	1	0	0.288183969	-47.70368868	NAN	
96.901	5.64	2.155	1	0	0.2315167381	-47.70368868	NAN	
97.001	5.645	2.155	1	0	0.2113054661	-47.89978779	NAN	
97.101	5.65	2.155	1	0	0.1862793601	-48.0958869	NAN	
97.201	5.65	2.155	1	0	0.1658312395	-48.0958869	NAN	
97.301	5.655	2.155	1	0	0.200748599	-48.29198601	NAN	
97.401	5.66	2.155	1	0	0.2712931993	-48.48808512	NAN	
97.501	5.665	2.155	1	0	0.3573513677	-48.68418423	NAN	
97.601	5.67	2.155	1	0	0.4662617291	-48.88028334	NAN	
97.701	5.67	2.155	1	0	0.4454772721	-48.88028334	NAN	
97.801	5.675	2.155	1	0	0.374766594	-49.07638245	NAN	
97.901	5.68	2.155	1	0	0.147478812	-49.27248156	NAN	
98.001	5.685	2.155	1	0	0.1598436736	-49.46858067	NAN	
98.101	5.685	2.155	1	0	0.2459674775	-49.46858067	NAN	
98.201	5.69	2.155	1	0	0.3371201566	-49.66467978	NAN	
98.301	5.695	2.155	1	0	0.3905124838	-49.86077889	NAN	
98.401	5.695	2.155	1	0	0.1842552577	-49.86077889	NAN	
98.501	5.705	2.155	1	0	0.03535533906	-50.25297711	NAN	
98.601	5.705	2.155	1	0	0.1960867155	-50.25297711	NAN	
98.701	5.71	2.155	1	0	0.2850438563	-50.44907622	NAN	
98.801	5.715	2.155	1	0	0.2408318916	-50.64517533	NAN	
98.901	5.715	2.155	1	0	0.09486832981	-50.64517533	NAN	
99.001	5.72	2.155	1	0	0.02828427125	-50.84127444	NAN	
99.101	5.725	2.155	1	0	0.1967231557	-51.03737355	NAN	
99.201	5.73	2.155	1	0	0.2918047292	-51.23347266	NAN	
99.301	5.735	2.155	1	0	0.3548239	-51.42957177	NAN	
99.401	5.735	2.155	1	0	0.2958039892	-51.42957177	NAN	
99.501	5.74	2.155	1	0	0.2097617696	-51.62567088	NAN	
99.601	5.74	2.155	1	0	0.2212464689	-51.62567088	NAN	
99.701	5.745	2.155	1	0	0.2935983651	-51.82176999	NAN	
99.801	5.75	2.155	1	0	0.4180908992	-52.0178691	NAN	
99.901	5.755	2.155	1	0	0.5141984053	-52.21396821	NAN	
100.001	5.755	2.155	1	0	0.6041522987	-52.21396821	NAN	
100.101	5.765	2.155	1	0	0.639100931	-52.60616643	NAN	
100.201	5.765	2.155	1	0	0.6124948979	-52.60616643	NAN	
100.301	5.77	2.155	1	0	0.6723466368	-52.80226554	NAN	
100.401	5.775	2.155	1	0	0.7952043762	-52.99836465	NAN	
100.501	5.775	2.155	1	0	0.8870456584	-52.99836465	NAN	
100.601	5.78	2.155	1	0	0.8934483757	-53.19446376	NAN	
100.701	5.785	2.155	1	0	0.9443781022	-53.39056287	NAN	
100.801	5.79	2.155	1	0	1.02066155	-53.58666198	NAN	
100.901	5.79	2.155	1	0	1.080486002	-53.58666198	NAN	
101.001	5.795	2.155	1	0	1.119374826	-53.78276109	NAN	
101.101	5.8	2.155	1	0	1.140219277	-53.9788602	NAN	
101.201	5.805	2.155	1	0	1.14991304	-54.17495931	NAN	
101.301	5.805	2.155	1	0	1.140065788	-54.17495931	NAN	
101.401	5.81	2.155	1	0	1.121918001	-54.37105842	NAN	
101.501	5.815	2.155	1	0	1.076916896	-54.56715753	NAN	
101.601	5.82	2.155	1	0	1.040312453	-54.76325664	NAN	
101.701	5.825	2.155	1	0	1.047377678	-54.95935575	NAN	
101.801	5.83	2.155	1	0	1.045131571	-55.15545486	NAN	
101.901	5.83	2.155	1	0	1.051403823	-55.15545486	NAN	
102.001	5.835	2.155	1	0	1.048069654	-55.35155397	NAN	
102.101	5.84	2.155	1	0	1.051475154	-55.54765308	NAN	
102.201	5.84	2.155	1	0	1.056432677	-55.54765308	NAN	
102.301	5.845	2.155	1	0	1.061814485	-55.74375219	NAN	
102.401	5.85	2.155	1	0	1.079930553	-55.9398513	NAN	
102.501	5.855	2.155	1	0	1.081619157	-56.13595041	NAN	
102.601	5.86	2.155	1	0	1.065879918	-56.33204952	NAN	
102.701	5.86	2.155	1	0	1.032714869	-56.33204952	NAN	
102.801	5.865	2.155	1	0	0.9560073221	-56.52814863	NAN	
102.901	5.87	2.155	1	0	0.8597674104	-56.72424774	NAN	
103.001	5.87	2.155	1	0	0.6627593832	-56.72424774	NAN	
103.101	5.875	2.155	1	0	0.4883646179	-56.92034685	NAN	
103.216	5.88	2.155	1	0	0.3427097898	-57.11644596	NAN	
103.31	5.885	2.155	1	0	0.1872164523	-57.31254507	NAN	
103.401	5.885	2.155	1	0	0.1280624847	-57.31254507	NAN	
103.501	5.89	2.155	1	0	0.02828427125	-57.50864418	NAN	
103.601	5.895	2.155	1	0	0.1319090596	-57.70474329	NAN	
103.701	5.9	2.155	1	0	0.3	-57.9008424	NAN	
103.801	5.9	2.155	1	0	0.4362911872	-57.9008424	NAN	
103.901	5.905	2.155	1	0	0.5308954699	-58.09694151	NAN	
104.001	5.91	2.155	1	0	0.4841487375	-58.29304062	NAN	
104.101	5.915	2.155	1	0	0.5145872132	-58.48913973	NAN	
104.201	5.92	2.155	1	0	0.515994186	-58.68523884	NAN	
104.301	5.92	2.155	1	0	0.4345687518	-58.68523884	NAN	
104.401	5.925	2.155	1	0	0.2787471973	-58.88133795	NAN	
104.501	5.93	2.155	1	0	0.1882817038	-59.07743706	NAN	
104.601	5.935	2.155	1	0	0.2570019455	-59.27353617	NAN	
104.701	5.935	2.155	1	0	0.3016620626	-59.27353617	NAN	
104.801	5.94	2.155	1	0	0.3341406889	-59.46963528	NAN	
104.901	5.945	2.155	1	0	0.387104637	-59.66573439	NAN	
105.001	5.95	2.155	1	0	0.4287773315	-59.8618335	NAN	
105.101	5.955	2.155	1	0	0.518748494	-60.05793261	NAN	
105.201	5.955	2.155	1	0	0.5585696018	-60.05793261	NAN	
105.301	5.965	2.155	1	0	0.5146357935	-60.45013083	NAN	
105.401	5.965	2.155	1	0	0.4968400145	-60.45013083	NAN	
105.501	5.97	2.155	1	0	0.4578755289	-60.64622994	NAN	
105.601	5.975	2.155	1	0	0.4556862956	-60.84232905	NAN	
105.701	5.98	2.155	1	0	0.3471310992	-61.03842816	NAN	
105.801	5.985	2.155	1	0	0.264952826	-61.23452727	NAN	
105.901	5.99	2.155	1	0	0.1009950494	-61.43062638	NAN	
106.001	5.99	2.155	1	0	0.05099019514	-61.43062638	NAN	
106.101	5.99	2.155	1	0	0.05196152423	-61.43062638	NAN	
106.201	6	2.155	1	0	0.08602325267	-61.8228246	NAN	
106.301	6	2.155	1	0	0.2063976744	-61.8228246	NAN	
106.401	6.005	2.155	1	0	0.3314362684	-62.01892371	NAN	
106.501	6.01	2.155	1	0	0.3464101615	-62.21502282	NAN	
106.601	6.015	2.155	1	0	0.3780211634	-62.41112193	NAN	
106.701	6.015	2.155	1	0	0.4479955357	-62.41112193	NAN	
106.801	6.02	2.155	1	0	0.4586937976	-62.60722104	NAN	
106.901	6.025	2.155	1	0	0.3996873778	-62.80332015	NAN	
107.001	6.025	2.155	1	0	0.2875760769	-62.80332015	NAN	
107.101	6.03	2.155	1	0	0.235690475	-62.99941926	NAN	
107.201	6.035	2.155	1	0	0.1724818831	-63.19551837	NAN	
107.301	6.04	2.155	1	0	0.155241747	-63.39161748	NAN	
107.401	6.04	2.155	1	0	0.1659819267	-63.39161748	NAN	
107.501	6.05	2.155	1	0	0.181934054	-63.7838157	NAN	
107.601	6.05	2.155	1	0	0.1720465053	-63.7838157	NAN	
107.701	6.055	2.155	1	0	0.1055935604	-63.97991481	NAN	
107.801	6.055	2.155	1	0	0.04582575695	-63.97991481	NAN	
107.901	6.07	2.155	1	0	0.02915475947	-64.56821214	NAN	
108.001	6.07	2.155	1	0	0.0894427191	-64.56821214	NAN	
108.101	6.075	2.155	1	0	0.03807886553	-64.76431125	NAN	
108.201	6.08	2.155	1	0	0.1048808848	-64.96041036	NAN	
108.301	6.08	2.155	1	0	0.06284902545	-64.96041036	NAN	
108.401	6.08	2.155	1	0	0.1120267825	-64.96041036	NAN	
108.501	6.085	2.155	1	0	0.2156385865	-65.15650947	NAN	
108.601	6.09	2.155	1	0	0.2452549694	-65.35260858	NAN	
108.701	6.09	2.155	1	0	0.1827566688	-65.35260858	NAN	
108.801	6.095	2.155	1	0	0.2726719641	-65.54870769	NAN	
108.901	6.1	2.155	1	0	0.3644173432	-65.7448068	NAN	
109.001	6.105	2.155	1	0	0.2319482701	-65.94090591	NAN	
109.101	6.11	2.155	1	0	0.1361983847	-66.13700502	NAN	
109.201	6.115	2.155	1	0	0.1984943324	-66.33310413	NAN	
109.301	6.115	2.155	1	0	0.1932614809	-66.33310413	NAN	
109.401	6.12	2.155	1	0	0.1102270384	-66.52920324	NAN	
109.501	6.13	2.155	1	0	0.08396427812	-66.92140146	NAN	
109.601	6.13	2.155	1	0	0.02549509757	-66.92140146	NAN	
109.701	6.13	2.155	1	0	0.04636809248	-66.92140146	NAN	
109.801	6.135	2.155	1	0	0.07516648189	-67.11750057	NAN	
109.901	6.135	2.155	1	0	0.08154753215	-67.11750057	NAN	
110.001	6.14	2.155	1	0	0.0469041576	-67.31359968	NAN	
110.101	6.145	2.155	1	0	0.06519202405	-67.50969879	NAN	
110.201	6.15	2.155	1	0	0.06782329983	-67.7057979	NAN	
110.301	6.155	2.155	1	0	0.1120267825	-67.90189701	NAN	
110.401	6.16	2.155	1	0	0.04847679857	-68.09799612	NAN	
110.501	6.16	2.155	1	0	0.04472135955	-68.09799612	NAN	
110.601	6.165	2.155	1	0	0.08062257748	-68.29409523	NAN	
110.701	6.17	2.155	1	0	0.173781472	-68.49019434	NAN	
110.801	6.18	2.155	1	0	0.2178302091	-68.88239256	NAN	
110.901	6.18	2.155	1	0	0.3351119216	-68.88239256	NAN	
111.001	6.18	2.155	1	0	0.524452095	-68.88239256	NAN	
111.101	6.18	2.155	1	0	0.6167252224	-68.88239256	NAN	
111.201	6.185	2.155	1	0	0.5992495307	-69.07849167	NAN	
111.301	6.195	2.155	1	0	0.5394905004	-69.47068989	NAN	
111.401	6.2	2.155	1	0	0.3712142239	-69.666789	NAN	
111.501	6.2	2.155	1	0	0.2109502311	-69.666789	NAN	
111.601	6.205	2.155	1	0	0.1638596961	-69.86288811	NAN	
111.701	6.21	2.155	1	0	0.1137980668	-70.05898722	NAN	
111.801	6.215	2.155	1	0	0.06164414003	-70.25508633	NAN	
111.901	6.22	2.155	1	0	0.09137833441	-70.45118544	NAN	
112.001	6.22	2.155	1	0	0.04582575695	-70.45118544	NAN	
112.101	6.225	2.155	1	0	0.02915475947	-70.64728455	NAN	
112.201	6.23	2.155	1	0	0.02449489743	-70.84338366	NAN	
112.301	6.23	2.155	1	0	0.08062257748	-70.84338366	NAN	
112.401	6.235	2.155	1	0	0.07937253933	-71.03948277	NAN	
112.501	6.24	2.155	1	0	0.0771362431	-71.23558188	NAN	
112.601	6.245	2.155	1	0	0.09746794345	-71.43168099	NAN	
112.701	6.245	2.155	1	0	0.158113883	-71.43168099	NAN	
112.801	6.25	2.155	1	0	0.2547547841	-71.6277801	NAN	
112.901	6.255	2.155	1	0	0.3774917218	-71.82387921	NAN	
113.001	6.26	2.155	1	0	0.3204684072	-72.01997832	NAN	
113.101	6.265	2.155	1	0	0.3534119409	-72.21607743	NAN	
113.201	6.27	2.155	1	0	0.3019933774	-72.41217654	NAN	
113.301	6.27	2.155	1	0	0.3118493226	-72.41217654	NAN	
113.401	6.275	2.155	1	0	0.374766594	-72.60827565	NAN	
113.501	6.28	2.155	1	0	0.2992490601	-72.80437476	NAN	
113.601	6.285	2.155	1	0	0.3787479373	-73.00047387	NAN	
113.701	6.29	2.155	1	0	0.4482744695	-73.19657298	NAN	
113.801	6.29	2.155	1	0	0.5041825066	-73.19657298	NAN	
113.901	6.29	2.155	1	0	0.4940141698	-73.19657298	NAN	
114.001	6.295	2.155	1	0	0.5045294838	-73.39267209	NAN	
114.101	6.305	2.155	1	0	0.4120072815	-73.78487031	NAN	
114.201	6.31	2.155	1	0	0.2965636525	-73.98096942	NAN	
114.301	6.31	2.155	1	0	0.2211334439	-73.98096942	NAN	
114.401	6.32	2.155	1	0	0.1753567792	-74.37316764	NAN	
114.501	6.32	2.155	1	0	0.1513274595	-74.37316764	NAN	
114.601	6.325	2.155	1	0	0.1356465997	-74.56926675	NAN	
114.701	6.33	2.155	1	0	0.262297541	-74.76536586	NAN	
114.801	6.335	2.155	1	0	0.2197726098	-74.96146497	NAN	
114.901	6.34	2.155	1	0	0.2194310826	-75.15756408	NAN	
115.001	6.335	2.155	1	0	0.2121320344	-74.96146497	NAN	
115.101	6.34	2.155	1	0	0.2079663434	-75.15756408	NAN	
115.201	6.35	2.155	1	0	0.2060339778	-75.5497623	NAN	
115.301	6.355	2.155	1	0	0.1901315334	-75.74586141	NAN	
115.401	6.355	2.155	1	0	0.2076053949	-75.74586141	NAN	
115.501	6.36	2.155	1	0	0.2311925604	-75.94196052	NAN	
115.601	6.36	2.155	1	0	0.2634387974	-75.94196052	NAN	
115.701	6.365	2.155	1	0	0.2605762844	-76.13805963	NAN	
115.801	6.37	2.155	1	0	0.2885307609	-76.33415874	NAN	
115.901	6.38	2.155	1	0	0.3435840509	-76.72635696	NAN	
116.001	6.385	2.155	1	0	0.3500714213	-76.92245607	NAN	
116.101	6.385	2.155	1	0	0.2926602125	-76.92245607	NAN	
116.201	6.39	2.155	1	0	0.2779388422	-77.11855518	NAN	
116.301	6.385	2.155	1	0	0.185876303	-76.92245607	NAN	
116.401	6.39	2.155	1	0	0.1928730152	-77.11855518	NAN	
116.501	6.4	2.155	1	0	0.1216552506	-77.5107534	NAN	
116.601	6.41	2.155	1	0	0.07874007874	-77.90295162	NAN	
116.701	6.41	2.155	1	0	0.05385164807	-77.90295162	NAN	
116.801	6.415	2.155	1	0	0.05	-78.09905073	NAN	
116.901	6.415	2.155	1	0	0.05522680509	-78.09905073	NAN	
117.001	6.42	2.155	1	0	0.05431390246	-78.29514984	NAN	
117.101	6.425	2.155	1	0	0.0738241153	-78.49124895	NAN	
117.201	6.43	2.155	1	0	0.1146734494	-78.68734806	NAN	
117.301	6.43	2.155	1	0	0.1181101181	-78.68734806	NAN	
117.401	6.44	2.155	1	0	0.1574801575	-79.07954628	NAN	
117.501	6.44	2.155	1	0	0.1691153453	-79.07954628	NAN	
117.601	6.445	2.155	1	0	0.253179778	-79.27564539	NAN	
117.701	6.445	2.155	1	0	0.3071644511	-79.27564539	NAN	
117.801	6.445	2.155	1	0	0.2898275349	-79.27564539	NAN	
117.901	6.455	2.155	1	0	0.3022416252	-79.66784361	NAN	
118.001	6.46	2.155	1	0	0.3239598741	-79.86394272	NAN	
118.101	6.47	2.155	1	0	0.304466747	-80.25614094	NAN	
118.201	6.47	2.155	1	0	0.3547534355	-80.25614094	NAN	
118.301	6.475	2.155	1	0	0.3087879531	-80.45224005	NAN	
118.401	6.475	2.155	1	0	0.3095157508	-80.45224005	NAN	
118.501	6.48	2.155	1	0	0.2492990172	-80.64833916	NAN	
118.601	6.485	2.155	1	0	0.2305428377	-80.84443827	NAN	
118.701	6.485	2.155	1	0	0.2124852936	-80.84443827	NAN	
118.801	6.485	2.155	1	0	0.1350925609	-80.84443827	NAN	
118.901	6.485	2.155	1	0	0.1415980226	-80.84443827	NAN	
119.001	6.49	2.155	1	0	0.08514693183	-81.04053738	NAN	
119.101	6.495	2.155	1	0	0.04636809248	-81.23663649	NAN	
119.201	6.505	2.155	1	0	0.02549509757	-81.62883471	NAN	
119.301	6.515	2.155	1	0	0.06519202405	-82.02103293	NAN	
119.401	6.515	2.155	1	0	0.09823441352	-82.02103293	NAN	
119.501	6.515	2.155	1	0	0.09110433579	-82.02103293	NAN	
119.601	6.52	2.155	1	0	0.1256980509	-82.21713204	NAN	
119.701	6.53	2.155	1	0	0.09327379053	-82.60933026	NAN	
119.801	6.53	2.155	1	0	0.06782329983	-82.60933026	NAN	
119.901	6.54	2.155	1	0	0.1118033989	-83.00152848	NAN	
120.001	6.54	2.155	1	0	0.09354143467	-83.00152848	NAN	
120.101	6.545	2.155	1	0	0.08	-83.19762759	NAN	
120.201	6.54	2.155	1	0	0.111579568	-83.00152848	NAN	
120.301	6.545	2.155	1	0	0.1685229955	-83.19762759	NAN	
120.401	6.55	2.155	1	0	0.160623784	-83.3937267	NAN	
120.501	6.56	2.155	1	0	0.1607793519	-83.78592492	NAN	
120.601	6.565	2.155	1	0	0.2011218536	-83.98202403	NAN	
120.701	6.565	2.155	1	0	0.1857417562	-83.98202403	NAN	
120.801	6.565	2.155	1	0	0.1640121947	-83.98202403	NAN	
120.901	6.57	2.155	1	0	0.1260952021	-84.17812314	NAN	
121.001	6.575	2.155	1	0	0.1153256259	-84.37422225	NAN	
121.101	6.575	2.155	1	0	0.1210371844	-84.37422225	NAN	
121.201	6.58	2.155	1	0	0.09539392014	-84.57032136	NAN	
121.301	6.59	2.155	1	0	0.1019803903	-84.96251958	NAN	
121.401	6.59	2.155	1	0	0.07937253933	-84.96251958	NAN	
121.501	6.59	2.155	1	0	0.04415880433	-84.96251958	NAN	
121.601	6.6	2.155	1	0	0.04242640687	-85.3547178	NAN	
121.701	6.605	2.155	1	0	0.02915475947	-85.55081691	NAN	
121.801	6.61	2.155	1	0	0.07516648189	-85.74691602	NAN	
121.901	6.61	2.155	1	0	0.1122497216	-85.74691602	NAN	
122.001	6.61	2.155	1	0	0.1230853363	-85.74691602	NAN	
122.101	6.61	2.155	1	0	0.136381817	-85.74691602	NAN	
122.201	6.63	2.155	1	0	0.1022252415	-86.53131246	NAN	
122.301	6.63	2.155	1	0	0.1195826074	-86.53131246	NAN	
122.401	6.63	2.155	1	0	0.1044030651	-86.53131246	NAN	
122.501	6.63	2.155	1	0	0.07483314774	-86.53131246	NAN	
122.601	6.64	2.155	1	0	0.1034408043	-86.92351068	NAN	
122.701	6.64	2.155	1	0	0.171464282	-86.92351068	NAN	
122.801	6.65	2.155	1	0	0.1692631088	-87.3157089	NAN	
122.901	6.65	2.155	1	0	0.1734935157	-87.3157089	NAN	
123.001	6.655	2.155	1	0	0.2078460969	-87.51180801	NAN	
123.101	6.66	2.155	1	0	0.1968501969	-87.70790712	NAN	
123.201	6.665	2.155	1	0	0.1707337108	-87.90400623	NAN	
123.301	6.665	2.155	1	0	0.1462873884	-87.90400623	NAN	
123.401	6.665	2.155	1	0	0.2028546278	-87.90400623	NAN	
123.501	6.67	2.155	1	0	0.269351072	-88.10010534	NAN	
123.601	6.675	2.155	1	0	0.2	-88.29620445	NAN	
123.701	6.68	2.155	1	0	0.129614814	-88.49230356	NAN	
123.801	6.69	2.155	1	0	0.1029563014	-88.88450178	NAN	
123.901	6.695	2.155	1	0	0.08215838363	-89.08060089	NAN	
124.001	6.7	2.155	1	0	0.1272792206	-89.2767	NAN	
124.101	6.695	2.155	1	0	0.1174734012	-89.08060089	NAN	
124.201	6.7	2.155	1	0	0.1719011344	-89.2767	NAN	
124.301	6.7	2.155	1	0	0.2458658171	-89.2767	NAN	
124.401	6.705	2.155	1	0	0.2113054661	-89.47279911	NAN	
124.501	6.72	2.155	0	0	0.1779044687	-90.06109644	NAN	
124.601	6.725	2.155	0	0	0.1573213272	-90.25719555	NAN	
124.701	6.725	2.16	0	0	0.1528070679	-90.25719555	NAN	
124.801	6.725	2.16	0	0	0.1710263138	-90.25719555	NAN	
124.901	6.725	2.16	0	0	0.2014944168	-90.25719555	NAN	
125.001	6.725	2.16	0	0	0.1489966443	-90.25719555	NAN	
125.101	6.725	2.16	0	0	0.1593737745	-90.25719555	NAN	
125.201	6.725	2.16	0	0	0.1592168333	-90.25719555	NAN	
125.301	6.725	2.16	0	0	0.1720465053	-90.25719555	NAN	
125.401	6.725	2.16	0	0	0.1311487705	-90.25719555	NAN	
125.501	6.725	2.16	0	0	0.1031988372	-90.25719555	NAN	
