MIN=0	0	-10	0	0	0	0	0	
MAX=200	10	10	1	1	7	100	5	
SCALE=100	2.5	5	0.5	0.5	5	50	1	
DEC=1	2	2	0	0	2	1	3	
DEF="Time" t / s	"Resistance" R_A1 / k&W	"Voltage" U_B1 / V	"Relay" R_1	"Voltage Source" S_1	"Voltage" U_B2 / V	"angle (deg)" ang	"Frequency" f / Hz	
0	2.13	2.155	1	0	0.1095445115	89.9578865	NAN	
0.101	2.14	2.155	1	0	0.09695359715	89.56568828	NAN	
0.201	2.14	2.155	1	0	0.06480740698	89.56568828	NAN	
0.301	2.145	2.155	1	0	0.05522680509	89.36958917	NAN	
0.401	2.145	2.155	1	0	0.09	89.36958917	NAN	
0.501	2.15	2.16	1	0	0.1102270384	89.17349006	NAN	
0.601	2.155	2.155	1	0	0.1311487705	88.97739095	NAN	
0.701	2.16	2.165	1	0	0.1676305461	88.78129184	NAN	
0.801	2.165	2.155	1	0	0.2366431913	88.58519273	NAN	
0.901	2.165	2.16	1	0	0.3244996148	88.58519273	NAN	
1.001	2.17	2.17	1	0	0.2979932885	88.38909362	NAN	
1.101	2.175	2.16	1	0	0.2689795531	88.19299451	NAN	
1.201	2.175	2.16	1	0	0.3134485604	88.19299451	NAN	
1.301	2.18	2.16	1	0	0.1727715254	87.9968954	NAN	
1.401	2.18	2.16	1	0	0.2218107301	87.9968954	NAN	
1.501	2.185	2.16	1	0	0.1284523258	87.80079629	NAN	
1.601	2.19	2.155	1	0	0.05873670062	87.60469718	NAN	
1.701	2.195	2.16	1	0	0.07245688373	87.40859807	NAN	
1.801	2.2	2.155	1	0	0.05830951895	87.21249896	NAN	
1.901	2.205	2.155	1	0	0.05916079783	87.01639985	NAN	
2.001	2.21	2.145	1	0	0.05656854249	86.82030074	NAN	
2.101	2.215	2.15	1	0	0.0316227766	86.62420163	NAN	
2.201	2.215	2.165	1	0	0.02	86.62420163	NAN	
2.301	2.22	2.165	1	0	0.05787918451	86.42810252	NAN	
2.401	2.22	2.16	1	0	0.1077032961	86.42810252	NAN	
2.501	2.225	2.165	1	0	0.1036822068	86.23200341	NAN	
2.601	2.225	2.155	1	0	0.1391042774	86.23200341	NAN	
2.701	2.23	2.16	1	0	0.1590597372	86.0359043	NAN	
2.801	2.235	2.155	1	0	0.1440486029	85.83980519	NAN	
2.901	2.235	2.155	1	0	0.261629509	85.83980519	NAN	
3.001	2.24	2.16	1	0	0.1729161647	85.64370608	NAN	
3.101	2.245	2.165	1	0	0.2820460955	85.44760697	NAN	
3.201	2.25	2.165	1	0	0.1770593121	85.25150786	NAN	
3.301	2.255	2.155	1	0	0.06244997998	85.05540875	NAN	
3.401	2.26	2.16	1	0	0.1120267825	84.85930964	NAN	
3.501	2.265	2.16	1	0	0.2127204739	84.66321053	NAN	
3.601	2.265	2.165	1	0	0.2123676058	84.66321053	NAN	
3.701	2.27	2.165	1	0	0.1345362405	84.46711142	NAN	
3.801	2.27	2.165	1	0	0.09055385138	84.46711142	NAN	
3.901	2.27	2.16	1	0	0.2760434748	84.46711142	NAN	
4.001	2.275	2.16	1	0	0.3020761493	84.27101231	NAN	
4.101	2.28	2.155	1	0	0.3252691193	84.0749132	NAN	
4.201	2.285	2.16	1	0	0.4157523301	83.87881409	NAN	
4.301	2.29	2.16	1	0	0.3843826219	83.68271498	NAN	
4.401	2.3	2.165	1	0	0.4008740451	83.29051676	NAN	
4.501	2.3	2.16	1	0	0.4264973622	83.29051676	NAN	
4.601	2.305	2.16	1	0	0.465188134	83.09441765	NAN	
4.701	2.31	2.155	1	0	0.3116889475	82.89831854	NAN	
4.801	2.31	2.155	1	0	0.2816025568	82.89831854	NAN	
4.901	2.32	2.165	1	0	0.4537069539	82.50612032	NAN	
5.001	2.32	2.165	1	0	0.503189825	82.50612032	NAN	
5.101	2.32	2.16	1	0	0.4182702476	82.50612032	NAN	
5.201	2.325	2.16	1	0	0.3479942528	82.31002121	NAN	
5.301	2.33	2.165	1	0	0.2963106478	82.1139221	NAN	
5.401	2.34	2.16	1	0	0.2858321186	81.72172388	NAN	
5.501	2.345	2.16	1	0	0.1464581852	81.52562477	NAN	
5.601	2.35	2.16	1	0	0.2448468909	81.32952566	NAN	
5.701	2.35	2.16	1	0	0.2037154879	81.32952566	NAN	
5.801	2.35	2.15	1	0	0.1937782238	81.32952566	NAN	
5.901	2.35	2.16	1	0	0.2162174831	81.32952566	NAN	
6.001	2.365	2.165	1	0	0.2919760264	80.74122833	NAN	
6.101	2.365	2.165	1	0	0.4861069841	80.74122833	NAN	
6.201	2.37	2.16	1	0	0.4968400145	80.54512922	NAN	
6.301	2.375	2.165	1	0	0.4954291069	80.34903011	NAN	
6.401	2.375	2.16	1	0	0.474341649	80.34903011	NAN	
6.501	2.38	2.16	1	0	0.4986481726	80.152931	NAN	
6.601	2.385	2.16	1	0	0.443677811	79.95683189	NAN	
6.701	2.39	2.165	1	0	0.468508271	79.76073278	NAN	
6.801	2.395	2.16	1	0	0.4189868733	79.56463367	NAN	
6.901	2.4	2.165	1	0	0.4729693436	79.36853456	NAN	
7.001	2.4	2.165	1	0	0.4703721931	79.36853456	NAN	
7.101	2.405	2.155	1	0	0.3530580689	79.17243545	NAN	
7.201	2.41	2.155	1	0	0.2617250466	78.97633634	NAN	
7.301	2.415	2.15	1	0	0.4780167361	78.78023723	NAN	
7.401	2.415	2.15	1	0	0.4253234064	78.78023723	NAN	
7.501	2.42	2.165	1	0	0.4999499975	78.58413812	NAN	
7.601	2.425	2.165	1	0	0.4082278775	78.38803901	NAN	
7.701	2.43	2.165	1	0	0.2697220792	78.1919399	NAN	
7.801	2.43	2.16	1	0	0.4269074841	78.1919399	NAN	
7.901	2.44	2.16	1	0	0.2445403852	77.79974168	NAN	
8.001	2.44	2.165	1	0	0.1471393897	77.79974168	NAN	
8.101	2.44	2.16	1	0	0.3620773398	77.79974168	NAN	
8.201	2.445	2.165	1	0	0.4791137652	77.60364257	NAN	
8.301	2.45	2.16	1	0	0.2810693865	77.40754346	NAN	
8.401	2.455	2.165	1	0	0.454917575	77.21144435	NAN	
8.501	2.455	2.165	1	0	0.5292447449	77.21144435	NAN	
8.601	2.46	2.155	1	0	0.5216320542	77.01534524	NAN	
8.701	2.465	2.16	1	0	0.3648972458	76.81924613	NAN	
8.801	2.47	2.165	1	0	0.3395585369	76.62314702	NAN	
8.901	2.47	2.165	1	0	0.2850438563	76.62314702	NAN	
9.001	2.475	2.165	1	0	0.3272613634	76.42704791	NAN	
9.101	2.48	2.16	1	0	0.2492990172	76.2309488	NAN	
9.201	2.485	2.165	1	0	0.3593048845	76.03484969	NAN	
9.301	2.485	2.16	1	0	0.3343650699	76.03484969	NAN	
9.401	2.49	2.165	1	0	0.2759528945	75.83875058	NAN	
9.501	2.495	2.16	1	0	0.3993119082	75.64265147	NAN	
9.601	2.5	2.16	1	0	0.4052159918	75.44655236	NAN	
9.701	2.5	2.165	1	0	0.3357826678	75.44655236	NAN	
9.801	2.505	2.165	1	0	0.3142451272	75.25045324	NAN	
9.901	2.51	2.16	1	0	0.3757658846	75.05435413	NAN	
10.001	2.51	2.16	1	0	0.3421987726	75.05435413	NAN	
10.101	2.525	2.16	1	0	0.4385772452	74.4660568	NAN	
10.201	2.525	2.165	1	0	0.4402839993	74.4660568	NAN	
10.301	2.525	2.165	1	0	0.3640741683	74.4660568	NAN	
10.401	2.525	2.16	1	0	0.2958039892	74.4660568	NAN	
10.501	2.53	2.155	1	0	0.1686712779	74.26995769	NAN	
10.601	2.535	2.165	1	0	0.1493318452	74.07385858	NAN	
10.701	2.54	2.165	1	0	0.15	73.87775947	NAN	
10.801	2.545	2.165	1	0	0.05656854249	73.68166036	NAN	
10.901	2.55	2.155	1	0	0.06670832032	73.48556125	NAN	
11.001	2.55	2.155	1	0	0.05787918451	73.48556125	NAN	
11.101	2.55	2.16	1	0	0.1587450787	73.48556125	NAN	
11.201	2.555	2.165	1	0	0.1776231967	73.28946214	NAN	
11.301	2.565	2.165	1	0	0.2192031022	72.89726392	NAN	
11.401	2.565	2.155	1	0	0.2263846285	72.89726392	NAN	
11.501	2.565	2.165	1	0	0.2197726098	72.89726392	NAN	
11.601	2.57	2.16	1	0	0.1835755975	72.70116481	NAN	
11.701	2.57	2.16	1	0	0.1558845727	72.70116481	NAN	
11.801	2.58	2.16	1	0	0.1380217374	72.30896659	NAN	
11.901	2.585	2.165	1	0	0.1058300524	72.11286748	NAN	
12.001	2.59	2.16	1	0	0.1093160555	71.91676837	NAN	
12.101	2.59	2.16	1	0	0.113137085	71.91676837	NAN	
12.201	2.595	2.165	1	0	0.1307669683	71.72066926	NAN	
12.301	2.6	2.155	1	0	0.1827566688	71.52457015	NAN	
12.401	2.605	2.16	1	0	0.236326046	71.32847104	NAN	
12.501	2.61	2.16	1	0	0.2490983741	71.13237193	NAN	
12.601	2.61	2.16	1	0	0.3280243893	71.13237193	NAN	
12.701	2.615	2.165	1	0	0.3597916064	70.93627282	NAN	
12.801	2.615	2.16	1	0	0.3885228436	70.93627282	NAN	
12.901	2.62	2.165	1	0	0.3896793554	70.74017371	NAN	
13.001	2.625	2.16	1	0	0.3594440151	70.5440746	NAN	
13.101	2.63	2.155	1	0	0.3066757245	70.34797549	NAN	
13.201	2.635	2.16	1	0	0.2218107301	70.15187638	NAN	
13.301	2.635	2.16	1	0	0.2703701167	70.15187638	NAN	
13.401	2.64	2.165	1	0	0.29563491	69.95577727	NAN	
13.501	2.645	2.16	1	0	0.3070016287	69.75967816	NAN	
13.601	2.65	2.155	1	0	0.34503623	69.56357905	NAN	
13.701	2.655	2.16	1	0	0.420773098	69.36747994	NAN	
13.801	2.655	2.165	1	0	0.4121286207	69.36747994	NAN	
13.901	2.66	2.165	1	0	0.4293017587	69.17138083	NAN	
14.001	2.66	2.165	1	0	0.4247940678	69.17138083	NAN	
14.101	2.66	2.16	1	0	0.3680353244	69.17138083	NAN	
14.201	2.665	2.16	1	0	0.2852192139	68.97528172	NAN	
14.301	2.67	2.16	1	0	0.1885470763	68.77918261	NAN	
14.401	2.675	2.165	1	0	0.1102270384	68.5830835	NAN	
14.501	2.675	2.165	1	0	0.07	68.5830835	NAN	
14.601	2.685	2.16	1	0	0.08631338251	68.19088528	NAN	
14.701	2.69	2.155	1	0	0.1048808848	67.99478617	NAN	
14.801	2.695	2.165	1	0	0.2042057786	67.79868706	NAN	
14.901	2.695	2.16	1	0	0.2250555487	67.79868706	NAN	
15.001	2.7	2.16	1	0	0.2366431913	67.60258795	NAN	
15.101	2.7	2.16	1	0	0.2053046517	67.60258795	NAN	
15.201	2.705	2.16	1	0	0.1471393897	67.40648884	NAN	
15.301	2.705	2.155	1	0	0.1183215957	67.40648884	NAN	
15.401	2.71	2.165	1	0	0.06442049363	67.21038973	NAN	
15.501	2.715	2.165	1	0	0.0561248608	67.01429062	NAN	
15.601	2.72	2.165	1	0	0.04949747468	66.81819151	NAN	
15.701	2.725	2.16	1	0	0.02	66.6220924	NAN	
15.801	2.73	2.155	1	0	0.09617692031	66.42599329	NAN	
15.901	2.73	2.165	1	0	0.1905255888	66.42599329	NAN	
16.001	2.735	2.16	1	0	0.2843413442	66.22989418	NAN	
16.101	2.735	2.165	1	0	0.3020761493	66.22989418	NAN	
16.201	2.745	2.165	1	0	0.3289376841	65.83769596	NAN	
16.301	2.75	2.165	1	0	0.3881365739	65.64159685	NAN	
16.401	2.755	2.165	1	0	0.3943982759	65.44549774	NAN	
16.501	2.755	2.165	1	0	0.3546124645	65.44549774	NAN	
16.601	2.755	2.165	1	0	0.2870540019	65.44549774	NAN	
16.701	2.755	2.16	1	0	0.2715695123	65.44549774	NAN	
16.801	2.76	2.165	1	0	0.3058594448	65.24939863	NAN	
16.901	2.765	2.16	1	0	0.316622804	65.05329952	NAN	
17.001	2.77	2.16	1	0	0.3685783499	64.85720041	NAN	
17.101	2.775	2.165	1	0	0.4654567649	64.6611013	NAN	
17.201	2.785	2.165	1	0	0.5285830115	64.26890308	NAN	
17.301	2.785	2.165	1	0	0.5654644109	64.26890308	NAN	
17.401	2.79	2.165	1	0	0.6048553546	64.07280397	NAN	
17.501	2.79	2.16	1	0	0.6181019333	64.07280397	NAN	
17.601	2.795	2.165	1	0	0.560758415	63.87670486	NAN	
17.701	2.8	2.155	1	0	0.4856953778	63.68060575	NAN	
17.801	2.805	2.16	1	0	0.3427097898	63.48450664	NAN	
17.901	2.805	2.16	1	0	0.2122498528	63.48450664	NAN	
18.001	2.805	2.16	1	0	0.07778174593	63.48450664	NAN	
18.101	2.81	2.16	1	0	0.03464101615	63.28840753	NAN	
18.201	2.815	2.16	1	0	0.07615773106	63.09230842	NAN	
18.301	2.82	2.165	1	0	0.07	62.89620931	NAN	
18.401	2.825	2.155	1	0	0.124498996	62.7001102	NAN	
18.501	2.825	2.155	1	0	0.2321637353	62.7001102	NAN	
18.601	2.835	2.16	1	0	0.2176005515	62.30791198	NAN	
18.701	2.835	2.155	1	0	0.1577973384	62.30791198	NAN	
18.801	2.845	2.165	1	0	0.2443358345	61.91571376	NAN	
18.901	2.845	2.165	1	0	0.2541653005	61.91571376	NAN	
19.001	2.85	2.17	1	0	0.1790251379	61.71961465	NAN	
19.101	2.85	2.15	1	0	0.09669539803	61.71961465	NAN	
19.201	2.855	2.16	1	0	0.05477225575	61.52351554	NAN	
19.301	2.855	2.165	1	0	0.0316227766	61.52351554	NAN	
19.401	2.86	2.165	1	0	0.05958187644	61.32741643	NAN	
19.501	2.865	2.16	1	0	0.1002496883	61.13131732	NAN	
19.601	2.87	2.16	1	0	0.1208304597	60.93521821	NAN	
19.701	2.875	2.155	1	0	0.1256980509	60.7391191	NAN	
19.801	2.875	2.155	1	0	0.2389560629	60.7391191	NAN	
19.901	2.88	2.16	1	0	0.1886796226	60.54301999	NAN	
20.001	2.89	2.155	1	0	0.1911805429	60.15082177	NAN	
20.101	2.89	2.155	1	0	0.1519868415	60.15082177	NAN	
20.201	2.9	2.16	1	0	0.1450861813	59.75862355	NAN	
20.301	2.9	2.155	1	0	0.1361983847	59.75862355	NAN	
20.401	2.905	2.155	1	0	0.1708800749	59.56252444	NAN	
20.501	2.905	2.165	1	0	0.1558845727	59.56252444	NAN	
20.601	2.91	2.155	1	0	0.1435270009	59.36642533	NAN	
20.701	2.915	2.165	1	0	0.1596871942	59.17032622	NAN	
20.801	2.915	2.165	1	0	0.2947032406	59.17032622	NAN	
20.901	2.925	2.16	1	0	0.4535967372	58.778128	NAN	
21.001	2.925	2.16	1	0	0.5776677246	58.778128	NAN	
21.101	2.93	2.16	1	0	0.6435060217	58.58202889	NAN	
21.201	2.93	2.165	1	0	0.7267736924	58.58202889	NAN	
21.301	2.94	2.165	1	0	0.801249025	58.18983067	NAN	
21.401	2.94	2.155	1	0	0.8458723308	58.18983067	NAN	
21.501	2.94	2.155	1	0	0.8301505887	58.18983067	NAN	
21.601	2.95	2.16	1	0	0.8355237878	57.79763245	NAN	
21.701	2.95	2.155	1	0	0.8548099204	57.79763245	NAN	
21.801	2.955	2.16	1	0	0.8792041856	57.60153334	NAN	
21.901	2.96	2.155	1	0	0.8724104539	57.40543423	NAN	
22.001	2.965	2.16	1	0	0.8473783098	57.20933512	NAN	
22.101	2.965	2.155	1	0	0.8376156637	57.20933512	NAN	
22.201	2.97	2.165	1	0	0.8413085047	57.01323601	NAN	
22.301	2.975	2.155	1	0	0.8755855184	56.8171369	NAN	
22.401	2.98	2.155	1	0	0.8805112151	56.62103779	NAN	
22.501	2.98	2.16	1	0	0.9078821509	56.62103779	NAN	
22.601	2.985	2.165	1	0	0.9063387888	56.42493868	NAN	
22.701	2.99	2.165	1	0	0.9290586634	56.22883957	NAN	
22.801	2.99	2.155	1	0	0.9255808987	56.22883957	NAN	
22.901	2.995	2.165	1	0	0.9125239723	56.03274046	NAN	
23.001	2.995	2.155	1	0	0.9076893742	56.03274046	NAN	
23.101	3	2.155	1	0	0.9108512502	55.83664135	NAN	
23.201	3.005	2.15	1	0	0.9067248756	55.64054224	NAN	
23.301	3.01	2.165	1	0	0.9349064124	55.44444313	NAN	
23.401	3.01	2.16	1	0	0.9611711606	55.44444313	NAN	
23.501	3.01	2.16	1	0	1.010865965	55.44444313	NAN	
23.601	3.015	2.16	1	0	1.029223008	55.24834402	NAN	
23.701	3.015	2.155	1	0	1.048713498	55.24834402	NAN	
23.801	3.025	2.16	1	0	1.056645636	54.8561458	NAN	
23.901	3.035	2.165	1	0	1.074732525	54.46394758	NAN	
24.001	3.04	2.16	1	0	1.059221412	54.26784847	NAN	
24.101	3.04	2.155	1	0	1.025060974	54.26784847	NAN	
24.201	3.04	2.165	1	0	1.003020438	54.26784847	NAN	
24.301	3.04	2.15	1	0	0.9614572273	54.26784847	NAN	
24.401	3.045	2.165	1	0	0.9069729875	54.07174936	NAN	
24.501	3.045	2.155	1	0	0.8389278872	54.07174936	NAN	
24.601	3.05	2.16	1	0	0.7629547824	53.87565025	NAN	
24.701	3.055	2.155	1	0	0.5700877125	53.67955114	NAN	
24.801	3.065	2.165	1	0	0.4250882261	53.28735292	NAN	
24.901	3.065	2.155	1	0	0.3454706934	53.28735292	NAN	
25.001	3.065	2.165	1	0	0.4477722635	53.28735292	NAN	
25.101	3.065	2.16	1	0	0.498998998	53.28735292	NAN	
25.201	3.07	2.155	1	0	0.6009575692	53.09125381	NAN	
25.301	3.08	2.155	1	0	0.6575332691	52.69905559	NAN	
25.401	3.08	2.155	1	0	0.6680194608	52.69905559	NAN	
25.501	3.08	2.155	1	0	0.7015340334	52.69905559	NAN	
25.601	3.085	2.16	1	0	0.673312706	52.50295648	NAN	
25.701	3.09	2.16	1	0	0.6497691898	52.30685737	NAN	
25.801	3.09	2.16	1	0	0.6109828148	52.30685737	NAN	
25.901	3.095	2.16	1	0	0.5444722215	52.11075826	NAN	
26.001	3.1	2.16	1	0	0.4770744177	51.91465915	NAN	
26.101	3.1	2.165	1	0	0.3948417404	51.91465915	NAN	
26.201	3.105	2.16	1	0	0.3645545227	51.71856004	NAN	
26.301	3.11	2.16	1	0	0.2493992783	51.52246093	NAN	
26.401	3.115	2.165	1	0	0.2420743687	51.32636182	NAN	
26.501	3.115	2.165	1	0	0.219089023	51.32636182	NAN	
26.601	3.125	2.16	1	0	0.3305298776	50.9341636	NAN	
26.701	3.13	2.165	1	0	0.4760777247	50.73806449	NAN	
26.801	3.13	2.16	1	0	0.3356337289	50.73806449	NAN	
26.901	3.135	2.155	1	0	0.5220632146	50.54196538	NAN	
27.001	3.135	2.16	1	0	0.5574943946	50.54196538	NAN	
27.101	3.135	2.155	1	0	0.6305949572	50.54196538	NAN	
27.201	3.14	2.155	1	0	0.5756735186	50.34586627	NAN	
27.301	3.145	2.155	1	0	0.4898979486	50.14976716	NAN	
27.401	3.15	2.155	1	0	0.3812479508	49.95366805	NAN	
27.501	3.155	2.155	1	0	0.2126029163	49.75756894	NAN	
27.601	3.16	2.16	1	0	0.09460443964	49.56146983	NAN	
27.701	3.165	2.155	1	0	0.05244044241	49.36537072	NAN	
27.801	3.165	2.155	1	0	0.1007472084	49.36537072	NAN	
27.901	3.165	2.155	1	0	0.1547578754	49.36537072	NAN	
28.001	3.17	2.155	1	0	0.1682260384	49.16927161	NAN	
28.101	3.175	2.155	1	0	0.173781472	48.9731725	NAN	
28.201	3.175	2.165	1	0	0.08689073598	48.9731725	NAN	
28.301	3.18	2.16	1	0	0.1216552506	48.77707339	NAN	
28.401	3.185	2.16	1	0	0.1051189802	48.58097428	NAN	
28.501	3.19	2.16	1	0	0.09539392014	48.38487517	NAN	
28.601	3.195	2.16	1	0	0.2244994432	48.18877606	NAN	
28.701	3.195	2.15	1	0	0.3868462227	48.18877606	NAN	
28.801	3.2	2.16	1	0	0.450555213	47.99267695	NAN	
28.901	3.205	2.155	1	0	0.5108326536	47.79657784	NAN	
29.001	3.21	2.155	1	0	0.489540601	47.60047873	NAN	
29.101	3.21	2.155	1	0	0.388458492	47.60047873	NAN	
29.201	3.215	2.15	1	0	0.2458658171	47.40437962	NAN	
29.301	3.215	2.155	1	0	0.1414213562	47.40437962	NAN	
29.401	3.225	2.155	1	0	0.140890028	47.0121814	NAN	
29.501	3.23	2.155	1	0	0.2474873734	46.81608229	NAN	
29.601	3.23	2.16	1	0	0.351781182	46.81608229	NAN	
29.701	3.23	2.16	1	0	0.4472135955	46.81608229	NAN	
29.801	3.235	2.16	1	0	0.4545327271	46.61998318	NAN	
29.901	3.24	2.155	1	0	0.4562345888	46.42388407	NAN	
30.001	3.245	2.16	1	0	0.3485685012	46.22778496	NAN	
30.101	3.25	2.16	1	0	0.2690724809	46.03168585	NAN	
30.201	3.255	2.165	1	0	0.2290196498	45.83558674	NAN	
30.301	3.26	2.155	1	0	0.2202271555	45.63948763	NAN	
30.401	3.265	2.155	1	0	0.3386000591	45.44338852	NAN	
30.501	3.265	2.16	1	0	0.4623851209	45.44338852	NAN	
30.601	3.265	2.16	1	0	0.4914773647	45.44338852	NAN	
30.701	3.27	2.165	1	0	0.4958326331	45.24728941	NAN	
30.801	3.275	2.155	1	0	0.5552026657	45.0511903	NAN	
30.901	3.28	2.155	1	0	0.4589117562	44.85509119	NAN	
31.001	3.28	2.16	1	0	0.3248076354	44.85509119	NAN	
31.101	3.285	2.16	1	0	0.2120141505	44.65899208	NAN	
31.201	3.29	2.165	1	0	0.1356465997	44.46289297	NAN	
31.301	3.295	2.155	1	0	0.171318417	44.26679386	NAN	
31.401	3.295	2.165	1	0	0.05244044241	44.26679386	NAN	
31.501	3.3	2.155	1	0	0.1204159458	44.07069475	NAN	
31.601	3.3	2.165	1	0	0.1481553239	44.07069475	NAN	
31.701	3.305	2.155	1	0	0.253968502	43.87459564	NAN	
31.801	3.31	2.155	1	0	0.2967322025	43.67849653	NAN	
31.901	3.315	2.16	1	0	0.2868797658	43.48239742	NAN	
32.001	3.32	2.155	1	0	0.2935983651	43.28629831	NAN	
32.101	3.32	2.165	1	0	0.2832843095	43.28629831	NAN	
32.201	3.325	2.155	1	0	0.2307596152	43.0901992	NAN	
32.301	3.33	2.16	1	0	0.1513274595	42.89410009	NAN	
32.401	3.33	2.15	1	0	0.1509966887	42.89410009	NAN	
32.501	3.335	2.155	1	0	0.1886796226	42.69800098	NAN	
32.601	3.34	2.165	1	0	0.2617250466	42.50190187	NAN	
32.701	3.34	2.15	1	0	0.333166625	42.50190187	NAN	
32.801	3.345	2.155	1	0	0.3564407384	42.30580276	NAN	
32.901	3.35	2.165	1	0	0.2854820485	42.10970365	NAN	
33.001	3.355	2.155	1	0	0.2660826939	41.91360454	NAN	
33.101	3.36	2.155	1	0	0.2699073915	41.71750543	NAN	
33.201	3.36	2.16	1	0	0.2290196498	41.71750543	NAN	
33.301	3.365	2.16	1	0	0.09273618495	41.52140632	NAN	
33.401	3.365	2.16	1	0	0.1044030651	41.52140632	NAN	
33.501	3.37	2.155	1	0	0.09407443861	41.32530721	NAN	
33.601	3.375	2.16	1	0	0.1081665383	41.1292081	NAN	
33.701	3.375	2.155	1	0	0.1133578405	41.1292081	NAN	
33.801	3.38	2.16	1	0	0.2832843095	40.93310899	NAN	
33.901	3.385	2.16	1	0	0.3430014577	40.73700988	NAN	
34.001	3.39	2.16	1	0	0.4323771502	40.54091077	NAN	
34.101	3.395	2.16	1	0	0.5243567488	40.34481166	NAN	
34.201	3.4	2.16	1	0	0.6206851053	40.14871255	NAN	
34.301	3.4	2.16	1	0	0.5834380858	40.14871255	NAN	
34.401	3.4	2.16	1	0	0.5512259065	40.14871255	NAN	
34.501	3.405	2.165	1	0	0.5390732789	39.95261344	NAN	
34.601	3.41	2.16	1	0	0.5681989088	39.75651433	NAN	
34.701	3.415	2.16	1	0	0.5410175598	39.56041522	NAN	
34.801	3.415	2.155	1	0	0.3863935817	39.56041522	NAN	
34.901	3.42	2.16	1	0	0.3173326331	39.36431611	NAN	
35.001	3.425	2.155	1	0	0.3295451411	39.168217	NAN	
35.101	3.43	2.16	1	0	0.2169101196	38.97211789	NAN	
35.201	3.435	2.155	1	0	0.4472694937	38.77601878	NAN	
35.301	3.435	2.165	1	0	0.4920873906	38.77601878	NAN	
35.401	3.44	2.16	1	0	0.5373081053	38.57991967	NAN	
35.501	3.44	2.155	1	0	0.5708327251	38.57991967	NAN	
35.601	3.445	2.165	1	0	0.5217278984	38.38382056	NAN	
35.701	3.45	2.155	1	0	0.4538722287	38.18772145	NAN	
35.801	3.45	2.155	1	0	0.3834709898	38.18772145	NAN	
35.901	3.455	2.16	1	0	0.3043024811	37.99162234	NAN	
36.001	3.455	2.165	1	0	0.2950423698	37.99162234	NAN	
36.101	3.46	2.155	1	0	0.3587478223	37.79552323	NAN	
36.201	3.465	2.165	1	0	0.4624932432	37.59942412	NAN	
36.301	3.47	2.155	1	0	0.4744997366	37.40332501	NAN	
36.401	3.47	2.165	1	0	0.50985292	37.40332501	NAN	
36.501	3.475	2.16	1	0	0.5076416059	37.2072259	NAN	
36.601	3.48	2.155	1	0	0.5497726803	37.01112679	NAN	
36.701	3.48	2.16	1	0	0.5322593353	37.01112679	NAN	
36.801	3.485	2.165	1	0	0.4091454509	36.81502768	NAN	
36.901	3.49	2.155	1	0	0.3783516882	36.61892857	NAN	
37.001	3.49	2.16	1	0	0.3883297568	36.61892857	NAN	
37.101	3.495	2.165	1	0	0.3410278581	36.42282946	NAN	
37.201	3.5	2.16	1	0	0.5632938842	36.22673035	NAN	
37.301	3.5	2.16	1	0	0.5016971198	36.22673035	NAN	
37.401	3.505	2.16	1	0	0.5456189146	36.03063123	NAN	
37.501	3.51	2.155	1	0	0.5835237784	35.83453212	NAN	
37.601	3.515	2.165	1	0	0.6466451886	35.63843301	NAN	
37.701	3.515	2.16	1	0	0.6640406614	35.63843301	NAN	
37.801	3.52	2.16	1	0	0.711617875	35.4423339	NAN	
37.901	3.525	2.155	1	0	0.752861209	35.24623479	NAN	
38.001	3.525	2.16	1	0	0.8779521627	35.24623479	NAN	
38.101	3.53	2.16	1	0	0.9527853903	35.05013568	NAN	
38.201	3.535	2.17	1	0	1.011805317	34.85403657	NAN	
38.301	3.535	2.16	1	0	1.069789699	34.85403657	NAN	
38.401	3.54	2.165	1	0	1.095376648	34.65793746	NAN	
38.501	3.545	2.16	1	0	1.119799089	34.46183835	NAN	
38.601	3.55	2.165	1	0	1.139649069	34.26573924	NAN	
38.701	3.55	2.16	1	0	1.151650989	34.26573924	NAN	
38.801	3.56	2.155	1	0	1.167754255	33.87354102	NAN	
38.901	3.56	2.16	1	0	1.181651387	33.87354102	NAN	
39.001	3.565	2.155	1	0	1.190168055	33.67744191	NAN	
39.101	3.565	2.16	1	0	1.197789631	33.67744191	NAN	
39.201	3.57	2.165	1	0	1.202414238	33.4813428	NAN	
39.301	3.575	2.155	1	0	1.20052072	33.28524369	NAN	
39.401	3.575	2.16	1	0	1.20805629	33.28524369	NAN	
39.501	3.58	2.16	1	0	1.219836055	33.08914458	NAN	
39.601	3.585	2.16	1	0	1.230020325	32.89304547	NAN	
39.701	3.585	2.165	1	0	1.237194407	32.89304547	NAN	
39.801	3.595	2.165	1	0	1.241289652	32.50084725	NAN	
39.901	3.6	2.16	1	0	1.243442801	32.30474814	NAN	
40.001	3.6	2.165	1	0	1.225846646	32.30474814	NAN	
40.101	3.6	2.155	1	0	1.211259675	32.30474814	NAN	
40.201	3.605	2.165	1	0	1.182560781	32.10864903	NAN	
40.301	3.615	2.165	1	0	1.153798076	31.71645081	NAN	
40.401	3.615	2.16	1	0	1.131503425	31.71645081	NAN	
40.501	3.62	2.165	1	0	1.089173999	31.5203517	NAN	
40.601	3.625	2.155	1	0	1.058324147	31.32425259	NAN	
40.701	3.635	2.165	1	0	1.031673398	30.93205437	NAN	
40.801	3.635	2.16	1	0	0.9945853407	30.93205437	NAN	
40.901	3.635	2.155	1	0	0.9128252845	30.93205437	NAN	
41.001	3.64	2.16	1	0	0.8327064309	30.73595526	NAN	
41.101	3.65	2.155	1	0	0.6760917098	30.34375704	NAN	
41.201	3.65	2.165	1	0	0.5529918625	30.34375704	NAN	
41.301	3.65	2.16	1	0	0.6504229393	30.34375704	NAN	
41.401	3.65	2.155	1	0	0.7330416086	30.34375704	NAN	
41.501	3.66	2.16	1	0	0.8566504538	29.95155882	NAN	
41.601	3.665	2.165	1	0	0.8380035799	29.75545971	NAN	
41.701	3.665	2.155	1	0	0.8457836603	29.75545971	NAN	
41.801	3.675	2.16	1	0	0.7892084642	29.36326149	NAN	
41.901	3.675	2.16	1	0	0.7571657678	29.36326149	NAN	
42.001	3.68	2.165	1	0	0.5887274412	29.16716238	NAN	
42.101	3.68	2.16	1	0	0.5537598758	29.16716238	NAN	
42.201	3.68	2.155	1	0	0.3817721834	29.16716238	NAN	
42.301	3.68	2.165	1	0	0.2422808288	29.16716238	NAN	
42.401	3.685	2.16	1	0	0.1102270384	28.97106327	NAN	
42.501	3.685	2.16	1	0	0.0738241153	28.97106327	NAN	
42.601	3.69	2.16	1	0	0.1224744871	28.77496416	NAN	
42.701	3.695	2.16	1	0	0.1772004515	28.57886505	NAN	
42.801	3.7	2.16	1	0	0.2620114501	28.38276594	NAN	
42.901	3.7	2.16	1	0	0.364211477	28.38276594	NAN	
43.001	3.705	2.16	1	0	0.3840572874	28.18666683	NAN	
43.101	3.71	2.16	1	0	0.3917269457	27.99056772	NAN	
43.201	3.715	2.16	1	0	0.4546427169	27.79446861	NAN	
43.301	3.72	2.155	1	0	0.6068772528	27.5983695	NAN	
43.401	3.72	2.165	1	0	0.6582172894	27.5983695	NAN	
43.501	3.725	2.165	1	0	0.6120049019	27.40227039	NAN	
43.601	3.73	2.165	1	0	0.6536053855	27.20617128	NAN	
43.701	3.73	2.165	1	0	0.6702238432	27.20617128	NAN	
43.801	3.735	2.16	1	0	0.7010706099	27.01007217	NAN	
43.901	3.735	2.16	1	0	0.6591282121	27.01007217	NAN	
44.001	3.74	2.16	1	0	0.707071425	26.81397306	NAN	
44.101	3.745	2.155	1	0	0.6375735252	26.61787395	NAN	
44.201	3.75	2.165	1	0	0.6356492744	26.42177484	NAN	
44.301	3.755	2.16	1	0	0.6805145112	26.22567573	NAN	
44.401	3.76	2.165	1	0	0.6925315877	26.02957662	NAN	
44.501	3.76	2.16	1	0	0.7113367698	26.02957662	NAN	
44.601	3.765	2.16	1	0	0.7413501197	25.83347751	NAN	
44.701	3.765	2.155	1	0	0.7300342458	25.83347751	NAN	
44.801	3.77	2.16	1	0	0.7645913941	25.6373784	NAN	
44.901	3.775	2.165	1	0	0.8155366331	25.44127929	NAN	
45.001	3.78	2.165	1	0	0.7403715284	25.24518018	NAN	
45.101	3.785	2.155	1	0	0.7138977518	25.04908107	NAN	
45.201	3.785	2.16	1	0	0.6452518888	25.04908107	NAN	
45.301	3.79	2.165	1	0	0.6147763821	24.85298196	NAN	
45.401	3.795	2.155	1	0	0.4337626079	24.65688285	NAN	
45.501	3.8	2.165	1	0	0.3632492257	24.46078374	NAN	
45.601	3.805	2.155	1	0	0.3029026246	24.26468463	NAN	
45.701	3.81	2.16	1	0	0.2648584528	24.06858552	NAN	
45.801	3.815	2.16	1	0	0.2065187643	23.87248641	NAN	
45.901	3.815	2.16	1	0	0.2242766149	23.87248641	NAN	
46.001	3.815	2.16	1	0	0.2222611077	23.87248641	NAN	
46.101	3.82	2.16	1	0	0.1542724862	23.6763873	NAN	
46.201	3.825	2.15	1	0	0.1607793519	23.48028819	NAN	
46.301	3.83	2.17	1	0	0.1909188309	23.28418908	NAN	
46.401	3.835	2.155	1	0	0.2152905014	23.08808997	NAN	
46.501	3.84	2.16	1	0	0.1754992877	22.89199086	NAN	
46.601	3.845	2.155	1	0	0.2762245463	22.69589175	NAN	
46.701	3.845	2.155	1	0	0.4576570769	22.69589175	NAN	
46.801	3.85	2.165	1	0	0.6385922016	22.49979264	NAN	
46.901	3.85	2.165	1	0	0.7038465742	22.49979264	NAN	
47.001	3.855	2.165	1	0	0.7817288532	22.30369353	NAN	
47.101	3.855	2.16	1	0	0.8182603498	22.30369353	NAN	
47.201	3.86	2.165	1	0	0.8129883148	22.10759442	NAN	
47.301	3.86	2.155	1	0	0.7950471684	22.10759442	NAN	
47.401	3.865	2.16	1	0	0.7943550843	21.91149531	NAN	
47.501	3.875	2.165	1	0	0.8150766835	21.51929709	NAN	
47.601	3.875	2.16	1	0	0.8121268374	21.51929709	NAN	
47.701	3.88	2.155	1	0	0.8098456643	21.32319798	NAN	
47.801	3.885	2.16	1	0	0.7913279977	21.12709887	NAN	
47.901	3.89	2.165	1	0	0.7210409142	20.93099976	NAN	
48.001	3.89	2.16	1	0	0.5715767665	20.93099976	NAN	
48.101	3.895	2.16	1	0	0.5055195347	20.73490065	NAN	
48.201	3.895	2.16	1	0	0.5205766034	20.73490065	NAN	
48.301	3.9	2.165	1	0	0.4814041961	20.53880154	NAN	
48.401	3.905	2.16	1	0	0.4405110668	20.34270243	NAN	
48.501	3.905	2.16	1	0	0.3296209945	20.34270243	NAN	
48.601	3.91	2.165	1	0	0.2880972058	20.14660332	NAN	
48.701	3.915	2.165	1	0	0.2636285265	19.95050421	NAN	
48.801	3.915	2.155	1	0	0.317411405	19.95050421	NAN	
48.901	3.92	2.165	1	0	0.3593048845	19.7544051	NAN	
49.001	3.925	2.155	1	0	0.2563201124	19.55830599	NAN	
49.101	3.93	2.155	1	0	0.1659819267	19.36220688	NAN	
49.201	3.935	2.16	1	0	0.2269361144	19.16610777	NAN	
49.301	3.935	2.16	1	0	0.3081395788	19.16610777	NAN	
49.401	3.945	2.16	1	0	0.3676955262	18.77390955	NAN	
49.501	3.945	2.155	1	0	0.6427285586	18.77390955	NAN	
49.601	3.95	2.165	1	0	0.7749193506	18.57781044	NAN	
49.701	3.955	2.16	1	0	0.8605521483	18.38171133	NAN	
49.801	3.955	2.155	1	0	0.9158602513	18.38171133	NAN	
49.901	3.955	2.165	1	0	0.9715194285	18.38171133	NAN	
50.001	3.96	2.15	1	0	1.006131204	18.18561222	NAN	
50.101	3.965	2.165	1	0	1.031794553	17.98951311	NAN	
50.201	3.97	2.155	1	0	1.08228924	17.793414	NAN	
50.301	3.975	2.155	1	0	1.127718937	17.59731489	NAN	
50.401	3.98	2.155	1	0	1.177476114	17.40121578	NAN	
50.501	3.985	2.155	1	0	1.219159547	17.20511667	NAN	
50.601	3.985	2.16	1	0	1.268424219	17.20511667	NAN	
50.701	3.99	2.16	1	0	1.306062786	17.00901756	NAN	
50.801	3.99	2.155	1	0	1.32849539	17.00901756	NAN	
50.901	4	2.155	1	0	1.337329428	16.61681934	NAN	
51.001	4	2.16	1	0	1.342143807	16.61681934	NAN	
51.101	4.005	2.16	1	0	1.350222204	16.42072023	NAN	
51.201	4.005	2.165	1	0	1.359117361	16.42072023	NAN	
51.301	4.01	2.155	1	0	1.359871317	16.22462112	NAN	
51.401	4.01	2.16	1	0	1.363249794	16.22462112	NAN	
51.501	4.015	2.155	1	0	1.370383158	16.02852201	NAN	
51.601	4.02	2.16	1	0	1.379474538	15.8324229	NAN	
51.701	4.025	2.16	1	0	1.379963768	15.63632379	NAN	
51.801	4.03	2.155	1	0	1.379981884	15.44022468	NAN	
51.901	4.035	2.16	1	0	1.379981884	15.24412557	NAN	
52.001	4.04	2.155	1	0	1.376535506	15.04802646	NAN	
52.101	4.04	2.16	1	0	1.369890507	15.04802646	NAN	
52.201	4.045	2.16	1	0	1.361579965	14.85192735	NAN	
52.301	4.055	2.155	1	0	1.359944852	14.45972913	NAN	
52.401	4.055	2.16	1	0	1.350592463	14.45972913	NAN	
52.501	4.055	2.155	1	0	1.340186554	14.45972913	NAN	
52.601	4.055	2.16	1	0	1.329962405	14.45972913	NAN	
52.701	4.06	2.16	1	0	1.323272459	14.26363002	NAN	
52.801	4.065	2.15	1	0	1.262041996	14.06753091	NAN	
52.901	4.07	2.15	1	0	1.187623678	13.8714318	NAN	
53.001	4.075	2.155	1	0	1.09249714	13.67533269	NAN	
53.101	4.08	2.16	1	0	0.9773433378	13.47923358	NAN	
53.201	4.08	2.165	1	0	0.8335166465	13.47923358	NAN	
53.301	4.09	2.16	1	0	0.7564059757	13.08703536	NAN	
53.401	4.095	2.16	1	0	0.6811754546	12.89093625	NAN	
53.501	4.1	2.165	1	0	0.6429618962	12.69483714	NAN	
53.601	4.105	2.155	1	0	0.7712003631	12.49873803	NAN	
53.701	4.11	2.16	1	0	0.8482629309	12.30263892	NAN	
53.801	4.11	2.16	1	0	0.8448964434	12.30263892	NAN	
53.901	4.11	2.155	1	0	0.7151922818	12.30263892	NAN	
54.001	4.12	2.16	1	0	0.6824954212	11.9104407	NAN	
54.101	4.12	2.16	1	0	0.5158488151	11.9104407	NAN	
54.201	4.125	2.16	1	0	0.4529900661	11.71434159	NAN	
54.301	4.13	2.16	1	0	0.3685105155	11.51824248	NAN	
54.401	4.13	2.16	1	0	0.2646696054	11.51824248	NAN	
54.501	4.135	2.155	1	0	0.3520653348	11.32214337	NAN	
54.601	4.14	2.16	1	0	0.5701754116	11.12604426	NAN	
54.701	4.145	2.16	1	0	0.7207287978	10.92994515	NAN	
54.801	4.15	2.16	1	0	0.8019975062	10.73384604	NAN	
54.901	4.15	2.16	1	0	0.834445924	10.73384604	NAN	
55.001	4.155	2.16	1	0	0.8297288714	10.53774693	NAN	
55.101	4.155	2.155	1	0	0.8369587803	10.53774693	NAN	
55.201	4.16	2.16	1	0	0.7736924454	10.34164782	NAN	
55.301	4.165	2.15	1	0	0.5724071977	10.14554871	NAN	
55.401	4.17	2.155	1	0	0.4891829923	9.949449598	NAN	
55.501	4.17	2.16	1	0	0.3928740256	9.949449598	NAN	
55.601	4.175	2.16	1	0	0.3657868232	9.753350488	NAN	
55.701	4.18	2.155	1	0	0.3177262973	9.557251378	NAN	
55.801	4.185	2.16	1	0	0.4164732885	9.361152268	NAN	
55.901	4.19	2.16	1	0	0.5296225071	9.165053158	NAN	
56.001	4.195	2.16	1	0	0.5428627819	8.968954048	NAN	
56.101	4.2	2.16	1	0	0.5834380858	8.772854938	NAN	
56.201	4.2	2.165	1	0	0.6708949247	8.772854938	NAN	
56.301	4.205	2.155	1	0	0.5650663678	8.576755828	NAN	
56.401	4.205	2.16	1	0	0.4651343892	8.576755828	NAN	
56.501	4.21	2.165	1	0	0.4343385776	8.380656718	NAN	
56.601	4.215	2.16	1	0	0.3969886648	8.184557608	NAN	
56.701	4.215	2.16	1	0	0.3324906014	8.184557608	NAN	
56.801	4.215	2.16	1	0	0.2751363298	8.184557608	NAN	
56.901	4.225	2.16	1	0	0.1022252415	7.792359388	NAN	
57.001	4.225	2.155	1	0	0.06964194139	7.792359388	NAN	
57.101	4.23	2.165	1	0	0.1955760722	7.596260278	NAN	
57.201	4.23	2.16	1	0	0.1881488772	7.596260278	NAN	
57.301	4.24	2.16	1	0	0.1919635382	7.204062058	NAN	
57.401	4.245	2.165	1	0	0.1183215957	7.007962948	NAN	
57.501	4.25	2.155	1	0	0.02915475947	6.811863837	NAN	
57.601	4.25	2.165	1	0	0.03464101615	6.811863837	NAN	
57.701	4.255	2.16	1	0	0.02915475947	6.615764727	NAN	
57.801	4.255	2.16	1	0	0.09433981132	6.615764727	NAN	
57.901	4.255	2.16	1	0	0.2203406454	6.615764727	NAN	
58.001	4.26	2.16	1	0	0.3272613634	6.419665617	NAN	
58.101	4.265	2.155	1	0	0.4670653059	6.223566507	NAN	
58.201	4.27	2.15	1	0	0.5200480747	6.027467397	NAN	
58.301	4.275	2.16	1	0	0.6760917098	5.831368287	NAN	
58.401	4.28	2.16	1	0	0.7465922582	5.635269177	NAN	
58.501	4.28	2.165	1	0	0.8400595217	5.635269177	NAN	
58.601	4.285	2.155	1	0	0.8913753418	5.439170067	NAN	
58.701	4.295	2.16	1	0	0.9427619	5.046971847	NAN	
58.801	4.295	2.155	1	0	0.9730621768	5.046971847	NAN	
58.901	4.3	2.165	1	0	0.9758585963	4.850872737	NAN	
59.001	4.305	2.155	1	0	0.9635092112	4.654773627	NAN	
59.101	4.31	2.155	1	0	0.9440338977	4.458674517	NAN	
59.201	4.315	2.16	1	0	0.9300806417	4.262575407	NAN	
59.301	4.315	2.16	1	0	0.9094778722	4.262575407	NAN	
59.401	4.315	2.155	1	0	0.8704596487	4.262575407	NAN	
59.501	4.32	2.155	1	0	0.8614812824	4.066476297	NAN	
59.601	4.33	2.165	1	0	0.8009681642	3.674278077	NAN	
59.701	4.33	2.16	1	0	0.7157513535	3.674278077	NAN	
59.801	4.335	2.16	1	0	0.6789329864	3.478178967	NAN	
59.901	4.335	2.155	1	0	0.5725818719	3.478178967	NAN	
60.001	4.335	2.16	1	0	0.4461501989	3.478178967	NAN	
60.101	4.34	2.16	1	0	0.2327015256	3.282079857	NAN	
60.201	4.345	2.16	1	0	0.04123105626	3.085980747	NAN	
60.301	4.35	2.155	1	0	0.2244994432	2.889881637	NAN	
60.401	4.355	2.155	1	0	0.4301743832	2.693782526	NAN	
60.501	4.36	2.15	1	0	0.7162052778	2.497683416	NAN	
60.601	4.365	2.155	1	0	0.8802556447	2.301584306	NAN	
60.701	4.37	2.16	1	0	0.99689518	2.105485196	NAN	
60.801	4.375	2.16	1	0	1.080994912	1.909386086	NAN	
60.901	4.38	2.155	1	0	1.104264461	1.713286976	NAN	
61.001	4.38	2.16	1	0	1.137607138	1.713286976	NAN	
61.101	4.38	2.15	1	0	1.161335438	1.713286976	NAN	
61.201	4.38	2.155	1	0	1.185938447	1.713286976	NAN	
61.301	4.385	2.16	1	0	1.211981848	1.517187866	NAN	
61.401	4.4	2.155	1	0	1.254830666	0.928890536	NAN	
61.501	4.4	2.165	1	0	1.307593209	0.928890536	NAN	
61.601	4.4	2.16	1	0	1.333435413	0.928890536	NAN	
61.701	4.405	2.155	1	0	1.354418694	0.7327914259	NAN	
61.801	4.405	2.16	1	0	1.369689746	0.7327914259	NAN	
61.901	4.405	2.16	1	0	1.385009025	0.7327914259	NAN	
62.001	4.415	2.16	1	0	1.39941059	0.3405932059	NAN	
62.101	4.42	2.16	1	0	1.39992857	0.1444940958	NAN	
62.201	4.43	2.16	1	0	1.399910711	-0.2477041243	NAN	
62.301	4.43	2.155	1	0	1.399964285	-0.2477041243	NAN	
62.401	4.43	2.155	1	0	1.399982143	-0.2477041243	NAN	
62.501	4.43	2.165	1	0	1.4	-0.2477041243	NAN	
62.601	4.435	2.155	1	0	1.399946428	-0.4438032344	NAN	
62.701	4.44	2.16	1	0	1.399964285	-0.6399023444	NAN	
62.801	4.445	2.155	1	0	1.400017857	-0.8360014545	NAN	
62.901	4.45	2.165	1	0	1.400017857	-1.032100565	NAN	
63.001	4.46	2.16	1	0	1.4	-1.424298785	NAN	
63.101	4.465	2.16	1	0	1.399982143	-1.620397895	NAN	
63.201	4.465	2.16	1	0	1.399428455	-1.620397895	NAN	
63.301	4.465	2.165	1	0	1.381249434	-1.620397895	NAN	
63.401	4.47	2.16	1	0	1.362240801	-1.816497005	NAN	
63.501	4.47	2.155	1	0	1.331671882	-1.816497005	NAN	
63.601	4.47	2.16	1	0	1.311201739	-1.816497005	NAN	
63.701	4.48	2.165	1	0	1.239959677	-2.208695225	NAN	
63.801	4.485	2.155	1	0	1.16114168	-2.404794335	NAN	
63.901	4.49	2.16	1	0	1.032714869	-2.600893445	NAN	
64.001	4.495	2.16	1	0	0.8137259981	-2.796992555	NAN	
64.101	4.5	2.155	1	0	0.5974947699	-2.993091665	NAN	
64.201	4.505	2.165	1	0	0.8647543004	-3.189190775	NAN	
64.301	4.505	2.155	1	0	0.9943590901	-3.189190775	NAN	
64.401	4.505	2.16	1	0	1.033247308	-3.189190775	NAN	
64.501	4.505	2.155	1	0	1.026425838	-3.189190775	NAN	
64.601	4.515	2.165	1	0	0.9917156851	-3.581388995	NAN	
64.701	4.525	2.16	1	0	0.9238235762	-3.973587215	NAN	
64.801	4.525	2.15	1	0	0.7833900689	-3.973587215	NAN	
64.901	4.53	2.16	1	0	0.5183628073	-4.169686325	NAN	
65.001	4.535	2.155	1	0	0.4023058538	-4.365785435	NAN	
65.101	4.54	2.165	1	0	0.5015476049	-4.561884545	NAN	
65.201	4.545	2.16	1	0	0.7114421972	-4.757983655	NAN	
65.301	4.545	2.165	1	0	0.8393449827	-4.757983655	NAN	
65.401	4.55	2.165	1	0	0.8908422981	-4.954082765	NAN	
65.501	4.55	2.16	1	0	0.9386692708	-4.954082765	NAN	
65.601	4.55	2.155	1	0	0.9659192513	-4.954082765	NAN	
65.701	4.555	2.165	1	0	1.00079968	-5.150181876	NAN	
65.801	4.565	2.155	1	0	1.001074423	-5.542380096	NAN	
65.901	4.57	2.165	1	0	0.9802550688	-5.738479206	NAN	
66.001	4.575	2.16	1	0	0.9356815698	-5.934578316	NAN	
66.101	4.58	2.16	1	0	0.8604940441	-6.130677426	NAN	
66.201	4.585	2.16	1	0	0.7574958746	-6.326776536	NAN	
66.301	4.59	2.155	1	0	0.6860393575	-6.522875646	NAN	
66.401	4.59	2.155	1	0	0.5629831259	-6.522875646	NAN	
66.501	4.59	2.16	1	0	0.4628714724	-6.522875646	NAN	
66.601	4.595	2.165	1	0	0.3872337795	-6.718974756	NAN	
66.701	4.595	2.16	1	0	0.4299418565	-6.718974756	NAN	
66.801	4.605	2.165	1	0	0.4314510401	-7.111172976	NAN	
66.901	4.605	2.165	1	0	0.4392038251	-7.111172976	NAN	
67.001	4.61	2.16	1	0	0.395347948	-7.307272086	NAN	
67.101	4.61	2.16	1	0	0.2660826939	-7.307272086	NAN	
67.201	4.615	2.16	1	0	0.1918332609	-7.503371196	NAN	
67.301	4.625	2.16	1	0	0.1469693846	-7.895569416	NAN	
67.401	4.625	2.165	1	0	0.1805547009	-7.895569416	NAN	
67.501	4.63	2.155	1	0	0.2664582519	-8.091668526	NAN	
67.601	4.635	2.155	1	0	0.3841874542	-8.287767636	NAN	
67.701	4.635	2.16	1	0	0.4155117327	-8.287767636	NAN	
67.801	4.64	2.15	1	0	0.3861346915	-8.483866746	NAN	
67.901	4.65	2.16	1	0	0.303891428	-8.876064966	NAN	
68.001	4.655	2.16	1	0	0.2707397274	-9.072164077	NAN	
68.101	4.655	2.15	1	0	0.1924837655	-9.072164077	NAN	
68.201	4.655	2.17	1	0	0.06041522987	-9.072164077	NAN	
68.301	4.66	2.16	1	0	0.0474341649	-9.268263187	NAN	
68.401	4.665	2.165	1	0	0.1102270384	-9.464362297	NAN	
68.501	4.665	2.16	1	0	0.2214723459	-9.464362297	NAN	
68.601	4.665	2.17	1	0	0.3771604433	-9.464362297	NAN	
68.701	4.67	2.155	1	0	0.5398610932	-9.660461407	NAN	
68.801	4.68	2.16	1	0	0.6406246951	-10.05265963	NAN	
68.901	4.685	2.165	1	0	0.7335529974	-10.24875874	NAN	
69.001	4.685	2.15	1	0	0.7925591461	-10.24875874	NAN	
69.101	4.69	2.16	1	0	0.8036168241	-10.44485785	NAN	
69.201	4.685	2.165	1	0	0.8098765338	-10.24875874	NAN	
69.301	4.695	2.155	1	0	0.802371485	-10.64095696	NAN	
69.401	4.705	2.165	1	0	0.7235329986	-11.03315518	NAN	
69.501	4.71	2.155	1	0	0.6621178143	-11.22925429	NAN	
69.601	4.71	2.16	1	0	0.642611858	-11.22925429	NAN	
69.701	4.71	2.16	1	0	0.5810335619	-11.22925429	NAN	
69.801	4.715	2.165	1	0	0.5911006682	-11.4253534	NAN	
69.901	4.72	2.16	1	0	0.5635601121	-11.62145251	NAN	
70.001	4.735	2.16	1	0	0.5121523211	-12.20974984	NAN	
70.101	4.735	2.165	1	0	0.4799479138	-12.20974984	NAN	
70.201	4.735	2.16	1	0	0.4935585072	-12.20974984	NAN	
70.301	4.735	2.165	1	0	0.5424020649	-12.20974984	NAN	
70.401	4.735	2.165	1	0	0.494165964	-12.20974984	NAN	
70.501	4.74	2.16	1	0	0.4389191269	-12.40584895	NAN	
70.601	4.74	2.155	1	0	0.3165438358	-12.40584895	NAN	
70.701	4.75	2.16	1	0	0.219317122	-12.79804717	NAN	
70.801	4.76	2.165	1	0	0.09949874371	-13.19024539	NAN	
70.901	4.765	2.155	1	0	0.02449489743	-13.3863445	NAN	
71.001	4.765	2.175	1	0	0.09246621004	-13.3863445	NAN	
71.101	4.765	2.145	1	0	0.2294558781	-13.3863445	NAN	
71.201	4.765	2.155	1	0	0.4095729483	-13.3863445	NAN	
71.301	4.77	2.165	1	0	0.5348364236	-13.58244361	NAN	
71.401	4.78	2.165	1	0	0.7263952092	-13.97464183	NAN	
71.501	4.775	2.155	1	0	0.8498529285	-13.77854272	NAN	
71.601	4.78	2.165	1	0	0.9590099061	-13.97464183	NAN	
71.701	4.79	2.165	1	0	1.049428416	-14.36684005	NAN	
71.801	4.795	2.17	1	0	1.112519663	-14.56293916	NAN	
71.901	4.795	2.155	1	0	1.138661495	-14.56293916	NAN	
72.001	4.8	2.16	1	0	1.181757166	-14.75903827	NAN	
72.101	4.805	2.165	1	0	1.22225202	-14.95513738	NAN	
72.201	4.805	2.165	1	0	1.266412255	-14.95513738	NAN	
72.301	4.82	2.165	1	0	1.295048262	-15.54343471	NAN	
72.401	4.82	2.165	1	0	1.310572394	-15.54343471	NAN	
72.501	4.825	2.16	1	0	1.32196823	-15.73953382	NAN	
72.601	4.825	2.16	1	0	1.335102992	-15.73953382	NAN	
72.701	4.825	2.165	1	0	1.342534916	-15.73953382	NAN	
72.801	4.825	2.155	1	0	1.349814802	-15.73953382	NAN	
72.901	4.835	2.165	1	0	1.350092589	-16.13173204	NAN	
73.001	4.845	2.16	1	0	1.350055554	-16.52393026	NAN	
73.101	4.845	2.165	1	0	1.349944443	-16.52393026	NAN	
73.201	4.85	2.165	1	0	1.349777759	-16.72002937	NAN	
73.301	4.85	2.16	1	0	1.347052338	-16.72002937	NAN	
73.401	4.855	2.16	1	0	1.341193498	-16.91612848	NAN	
73.501	4.86	2.155	1	0	1.339682798	-17.11222759	NAN	
73.601	4.865	2.17	1	0	1.338319842	-17.3083267	NAN	
73.701	4.87	2.165	1	0	1.333266665	-17.50442581	NAN	
73.801	4.875	2.16	1	0	1.33	-17.70052492	NAN	
73.901	4.875	2.16	1	0	1.324537655	-17.70052492	NAN	
74.001	4.88	2.16	1	0	1.315009506	-17.89662403	NAN	
74.101	4.885	2.165	1	0	1.299422949	-18.09272314	NAN	
74.201	4.885	2.16	1	0	1.276009404	-18.09272314	NAN	
74.301	4.89	2.16	1	0	1.223989379	-18.28882225	NAN	
74.401	4.895	2.16	1	0	1.161400017	-18.48492136	NAN	
74.501	4.895	2.165	1	0	1.085817664	-18.48492136	NAN	
74.601	4.9	2.165	1	0	1.019215384	-18.68102047	NAN	
74.701	4.905	2.155	1	0	0.7909804043	-18.87711958	NAN	
74.801	4.91	2.155	1	0	0.1835755975	-19.07321869	NAN	
74.901	4.915	2.165	1	0	0.4170131892	-19.2693178	NAN	
75.001	4.92	2.165	1	0	0.8484397445	-19.46541691	NAN	
75.101	4.925	2.155	1	0	0.967134944	-19.66151602	NAN	
75.201	4.93	2.16	1	0	1.011014342	-19.85761513	NAN	
75.301	4.93	2.165	1	0	1.021396103	-19.85761513	NAN	
75.401	4.93	2.16	1	0	1.019926468	-19.85761513	NAN	
75.501	4.935	2.165	1	0	0.9916652661	-20.05371424	NAN	
75.601	4.94	2.16	1	0	0.9360288457	-20.24981335	NAN	
75.701	4.94	2.16	1	0	0.8456654185	-20.24981335	NAN	
75.801	4.94	2.165	1	0	0.6304363568	-20.24981335	NAN	
75.901	4.945	2.155	1	0	0.3284813541	-20.44591246	NAN	
76.001	4.945	2.165	1	0	0.22737634	-20.44591246	NAN	
76.101	4.95	2.16	1	0	0.3096772513	-20.64201157	NAN	
76.201	4.95	2.16	1	0	0.5536695766	-20.64201157	NAN	
76.301	4.96	2.16	1	0	0.7467596668	-21.03420979	NAN	
76.401	4.965	2.16	1	0	0.8255906976	-21.2303089	NAN	
76.501	4.97	2.175	1	0	0.8436824047	-21.42640801	NAN	
76.601	4.975	2.16	1	0	0.8633655078	-21.62250712	NAN	
76.701	4.975	2.165	1	0	0.8471422549	-21.62250712	NAN	
76.801	4.975	2.17	1	0	0.8279190782	-21.62250712	NAN	
76.901	4.98	2.16	1	0	0.8043631021	-21.81860623	NAN	
77.001	4.98	2.165	1	0	0.7763375554	-21.81860623	NAN	
77.101	4.985	2.16	1	0	0.7159259738	-22.01470534	NAN	
77.201	4.99	2.165	1	0	0.673461209	-22.21080445	NAN	
77.301	4.99	2.155	1	0	0.6460263153	-22.21080445	NAN	
77.401	5	2.16	1	0	0.5552476925	-22.60300267	NAN	
77.501	5.005	2.155	1	0	0.5388413496	-22.79910178	NAN	
77.601	5.005	2.165	1	0	0.5104899607	-22.79910178	NAN	
77.701	5.01	2.16	1	0	0.4899489769	-22.99520089	NAN	
77.801	5.01	2.155	1	0	0.4311032359	-22.99520089	NAN	
77.901	5.01	2.155	1	0	0.3548943505	-22.99520089	NAN	
78.001	5.015	2.155	1	0	0.2485960579	-23.1913	NAN	
78.101	5.025	2.16	1	0	0.12	-23.58349822	NAN	
78.201	5.025	2.155	1	0	0.03464101615	-23.58349822	NAN	
78.301	5.025	2.16	1	0	0.07280109889	-23.58349822	NAN	
78.401	5.03	2.16	1	0	0.17958285	-23.77959733	NAN	
78.501	5.035	2.165	1	0	0.2904307146	-23.97569644	NAN	
78.601	5.04	2.16	1	0	0.4054626987	-24.17179555	NAN	
78.701	5.04	2.165	1	0	0.4392607426	-24.17179555	NAN	
78.801	5.045	2.155	1	0	0.4868264578	-24.36789466	NAN	
78.901	5.05	2.16	1	0	0.4508325632	-24.56399377	NAN	
79.001	5.055	2.155	1	0	0.4305229378	-24.76009288	NAN	
79.101	5.06	2.155	1	0	0.4217226577	-24.95619199	NAN	
79.201	5.06	2.165	1	0	0.3604857834	-24.95619199	NAN	
79.301	5.06	2.155	1	0	0.2650471656	-24.95619199	NAN	
79.401	5.065	2.165	1	0	0.1954482029	-25.1522911	NAN	
79.501	5.07	2.16	1	0	0.1464581852	-25.34839021	NAN	
79.601	5.075	2.165	1	0	0.1315294644	-25.54448932	NAN	
79.701	5.08	2.165	1	0	0.1686712779	-25.74058843	NAN	
79.801	5.085	2.16	1	0	0.1733493582	-25.93668754	NAN	
79.901	5.085	2.155	1	0	0.1426534262	-25.93668754	NAN	
80.001	5.09	2.165	1	0	0.109772492	-26.13278665	NAN	
80.101	5.095	2.155	1	0	0.1174734012	-26.32888576	NAN	
80.201	5.1	2.165	1	0	0.1592168333	-26.52498487	NAN	
80.301	5.105	2.16	1	0	0.2380126047	-26.72108398	NAN	
80.401	5.105	2.155	1	0	0.348353269	-26.72108398	NAN	
80.501	5.11	2.16	1	0	0.4119465985	-26.91718309	NAN	
80.601	5.11	2.16	1	0	0.469041576	-26.91718309	NAN	
80.701	5.115	2.155	1	0	0.4810405388	-27.1132822	NAN	
80.801	5.12	2.165	1	0	0.4833218389	-27.30938131	NAN	
80.901	5.125	2.16	1	0	0.4653493311	-27.50548042	NAN	
81.001	5.125	2.16	1	0	0.3843826219	-27.50548042	NAN	
81.101	5.13	2.15	1	0	0.2889636655	-27.70157953	NAN	
81.201	5.135	2.165	1	0	0.173781472	-27.89767864	NAN	
81.301	5.14	2.155	1	0	0.08803408431	-28.09377775	NAN	
81.401	5.14	2.16	1	0	0.08831760866	-28.09377775	NAN	
81.501	5.145	2.16	1	0	0.1027131929	-28.28987686	NAN	
81.601	5.15	2.16	1	0	0.1286468033	-28.48597597	NAN	
81.701	5.15	2.165	1	0	0.1246996391	-28.48597597	NAN	
81.801	5.155	2.165	1	0	0.1122497216	-28.68207508	NAN	
81.901	5.16	2.16	1	0	0.1144552314	-28.87817419	NAN	
82.001	5.165	2.16	1	0	0.06819090848	-29.0742733	NAN	
82.101	5.165	2.16	1	0	0.02449489743	-29.0742733	NAN	
82.201	5.17	2.165	1	0	0.03082207001	-29.27037241	NAN	
82.301	5.175	2.16	1	0	0.0632455532	-29.46647152	NAN	
82.401	5.175	2.16	1	0	0.1053565375	-29.46647152	NAN	
82.501	5.18	2.165	1	0	0.11	-29.66257063	NAN	
82.601	5.185	2.155	1	0	0.1326649916	-29.85866974	NAN	
82.701	5.19	2.155	1	0	0.1262933094	-30.05476885	NAN	
82.801	5.195	2.155	1	0	0.1509966887	-30.25086796	NAN	
82.901	5.2	2.165	1	0	0.158113883	-30.44696707	NAN	
83.001	5.205	2.165	1	0	0.1721917536	-30.64306618	NAN	
83.101	5.205	2.155	1	0	0.1953202498	-30.64306618	NAN	
83.201	5.205	2.155	1	0	0.2701851217	-30.64306618	NAN	
83.301	5.21	2.155	1	0	0.2657066051	-30.83916529	NAN	
83.401	5.215	2.165	1	0	0.3230325061	-31.0352644	NAN	
83.501	5.22	2.165	1	0	0.4126136207	-31.23136351	NAN	
83.601	5.225	2.155	1	0	0.6229365939	-31.42746262	NAN	
83.701	5.225	2.16	1	0	0.8217968119	-31.42746262	NAN	
83.801	5.23	2.15	1	0	0.9360288457	-31.62356173	NAN	
83.901	5.235	2.15	1	0	1.017103731	-31.81966084	NAN	
84.001	5.24	2.165	1	0	1.084504495	-32.01575995	NAN	
84.101	5.24	2.16	1	0	1.123988434	-32.01575995	NAN	
84.201	5.245	2.155	1	0	1.144486785	-32.21185906	NAN	
84.301	5.25	2.155	1	0	1.163808403	-32.40795817	NAN	
84.401	5.25	2.16	1	0	1.179788117	-32.40795817	NAN	
84.501	5.255	2.165	1	0	1.191658508	-32.60405728	NAN	
84.601	5.26	2.16	1	0	1.201228538	-32.80015639	NAN	
84.701	5.265	2.165	1	0	1.199916664	-32.9962555	NAN	
84.801	5.27	2.15	1	0	1.191364764	-33.19235461	NAN	
84.901	5.27	2.155	1	0	1.189096296	-33.19235461	NAN	
85.001	5.275	2.165	1	0	1.188696765	-33.38845372	NAN	
85.101	5.28	2.16	1	0	1.197622645	-33.58455283	NAN	
85.201	5.285	2.16	1	0	1.20805629	-33.78065194	NAN	
85.301	5.29	2.155	1	0	1.22	-33.97675105	NAN	
85.401	5.29	2.155	1	0	1.22239519	-33.97675105	NAN	
85.501	5.295	2.155	1	0	1.225214267	-34.17285016	NAN	
85.601	5.3	2.16	1	0	1.223315168	-34.36894927	NAN	
85.701	5.3	2.16	1	0	1.220532671	-34.36894927	NAN	
85.801	5.31	2.16	1	0	1.221433584	-34.76114749	NAN	
85.901	5.31	2.16	1	0	1.211342231	-34.76114749	NAN	
86.001	5.315	2.16	1	0	1.191217864	-34.9572466	NAN	
86.101	5.32	2.16	1	0	1.160754065	-35.15334571	NAN	
86.201	5.32	2.16	1	0	1.116154111	-35.15334571	NAN	
86.301	5.325	2.16	1	0	1.060282981	-35.34944482	NAN	
86.401	5.33	2.16	1	0	0.9810708435	-35.54554393	NAN	
86.501	5.335	2.155	1	0	0.8637418596	-35.74164304	NAN	
86.601	5.335	2.165	1	0	0.5604462508	-35.74164304	NAN	
86.701	5.34	2.165	1	0	0.2103568397	-35.93774215	NAN	
86.801	5.34	2.155	1	0	0.1794435844	-35.93774215	NAN	
86.901	5.345	2.155	1	0	0.4799479138	-36.13384126	NAN	
87.001	5.35	2.165	1	0	0.5861313846	-36.32994037	NAN	
87.101	5.355	2.155	1	0	0.744613994	-36.52603948	NAN	
87.201	5.36	2.16	1	0	0.7274957045	-36.72213859	NAN	
87.301	5.365	2.17	1	0	0.6942621983	-36.9182377	NAN	
87.401	5.37	2.155	1	0	0.5823229345	-37.11433681	NAN	
87.501	5.37	2.155	1	0	0.4911720676	-37.11433681	NAN	
87.601	5.375	2.16	1	0	0.4140048309	-37.31043592	NAN	
87.701	5.38	2.155	1	0	0.2942787794	-37.50653503	NAN	
87.801	5.385	2.165	1	0	0.232594067	-37.70263414	NAN	
87.901	5.385	2.155	1	0	0.1837117307	-37.70263414	NAN	
88.001	5.39	2.155	1	0	0.147817455	-37.89873325	NAN	
88.101	5.39	2.16	1	0	0.2104756518	-37.89873325	NAN	
88.201	5.395	2.165	1	0	0.3161486992	-38.09483236	NAN	
88.301	5.4	2.16	1	0	0.3899358922	-38.29093147	NAN	
88.401	5.405	2.16	1	0	0.5212005372	-38.48703058	NAN	
88.501	5.41	2.165	1	0	0.6083173514	-38.68312969	NAN	
88.601	5.415	2.16	1	0	0.6573431372	-38.8792288	NAN	
88.701	5.42	2.165	1	0	0.6959885057	-39.07532791	NAN	
88.801	5.42	2.16	1	0	0.6618156843	-39.07532791	NAN	
88.901	5.425	2.165	1	0	0.5801723882	-39.27142702	NAN	
89.001	5.425	2.155	1	0	0.496235831	-39.27142702	NAN	
89.101	5.435	2.155	1	0	0.4747104381	-39.66362524	NAN	
89.201	5.44	2.16	1	0	0.4402839993	-39.85972435	NAN	
89.301	5.44	2.155	1	0	0.4217226577	-39.85972435	NAN	
89.401	5.445	2.155	1	0	0.4254409477	-40.05582346	NAN	
89.501	5.45	2.155	1	0	0.3674914965	-40.25192257	NAN	
89.601	5.45	2.16	1	0	0.3144041984	-40.25192257	NAN	
89.701	5.455	2.16	1	0	0.2845171348	-40.44802168	NAN	
89.801	5.455	2.16	1	0	0.2495996795	-40.44802168	NAN	
89.901	5.46	2.16	1	0	0.2711088342	-40.64412079	NAN	
90.001	5.47	2.155	1	0	0.3261134772	-41.03631901	NAN	
90.101	5.47	2.155	1	0	0.2842534081	-41.03631901	NAN	
90.201	5.475	2.165	1	0	0.2080865205	-41.23241812	NAN	
90.301	5.48	2.155	1	0	0.1471393897	-41.42851723	NAN	
90.401	5.48	2.165	1	0	0.1337908816	-41.42851723	NAN	
90.501	5.485	2.155	1	0	0.1264911064	-41.62461634	NAN	
90.601	5.49	2.155	1	0	0.1521512405	-41.82071545	NAN	
90.701	5.49	2.165	1	0	0.2147091055	-41.82071545	NAN	
90.801	5.5	2.16	1	0	0.2435159132	-42.21291367	NAN	
90.901	5.505	2.16	1	0	0.2305428377	-42.40901279	NAN	
91.001	5.505	2.155	1	0	0.2388514182	-42.40901279	NAN	
91.101	5.51	2.165	1	0	0.2451530134	-42.6051119	NAN	
91.201	5.515	2.155	1	0	0.2941938137	-42.80121101	NAN	
91.301	5.515	2.155	1	0	0.310322413	-42.80121101	NAN	
91.401	5.52	2.155	1	0	0.3209361307	-42.99731012	NAN	
91.501	5.525	2.155	1	0	0.3377128958	-43.19340923	NAN	
91.601	5.53	2.16	1	0	0.3156738824	-43.38950834	NAN	
91.701	5.535	2.16	1	0	0.3348133809	-43.58560745	NAN	
91.801	5.54	2.155	1	0	0.3653765181	-43.78170656	NAN	
91.901	5.545	2.155	1	0	0.3385262176	-43.97780567	NAN	
92.001	5.545	2.155	1	0	0.2420743687	-43.97780567	NAN	
92.101	5.55	2.15	1	0	0.204450483	-44.17390478	NAN	
92.201	5.55	2.15	1	0	0.1506651917	-44.17390478	NAN	
92.301	5.555	2.155	1	0	0.1307669683	-44.37000389	NAN	
92.401	5.56	2.16	1	0	0.08396427812	-44.566103	NAN	
92.501	5.57	2.16	1	0	0.08185352772	-44.95830122	NAN	
92.601	5.57	2.155	1	0	0.148492424	-44.95830122	NAN	
92.701	5.575	2.155	1	0	0.1998749609	-45.15440033	NAN	
92.801	5.575	2.155	1	0	0.2407280623	-45.15440033	NAN	
92.901	5.58	2.15	1	0	0.276857364	-45.35049944	NAN	
93.001	5.585	2.16	1	0	0.3406611219	-45.54659855	NAN	
93.101	5.585	2.155	1	0	0.3882009789	-45.54659855	NAN	
93.201	5.585	2.16	1	0	0.3826878624	-45.54659855	NAN	
93.301	5.595	2.16	1	0	0.3790778284	-45.93879677	NAN	
93.401	5.595	2.15	1	0	0.3274141109	-45.93879677	NAN	
93.501	5.6	2.155	1	0	0.300499584	-46.13489588	NAN	
93.601	5.605	2.16	1	0	0.1544344521	-46.33099499	NAN	
93.701	5.61	2.16	1	0	0.09539392014	-46.5270941	NAN	
93.801	5.61	2.155	1	0	0.03872983346	-46.5270941	NAN	
93.901	5.615	2.16	1	0	0.03807886553	-46.72319321	NAN	
94.001	5.62	2.15	1	0	0.04	-46.91929232	NAN	
94.101	5.625	2.16	1	0	0.05830951895	-47.11539143	NAN	
94.201	5.63	2.165	1	0	0.08	-47.31149054	NAN	
94.301	5.63	2.155	1	0	0.08426149773	-47.31149054	NAN	
94.401	5.635	2.15	1	0	0.1031988372	-47.50758965	NAN	
94.501	5.64	2.155	1	0	0.1060660172	-47.70368876	NAN	
94.601	5.64	2.16	1	0	0.09327379053	-47.70368876	NAN	
94.701	5.645	2.155	1	0	0.1365650028	-47.89978787	NAN	
94.801	5.65	2.165	1	0	0.1341640786	-48.09588698	NAN	
94.901	5.655	2.165	1	0	0.1868154169	-48.29198609	NAN	
95.001	5.66	2.155	1	0	0.1534600925	-48.4880852	NAN	
95.101	5.66	2.155	1	0	0.1506651917	-48.4880852	NAN	
95.201	5.665	2.16	1	0	0.1719011344	-48.68418431	NAN	
95.301	5.67	2.16	1	0	0.1195826074	-48.88028342	NAN	
95.401	5.675	2.165	1	0	0.09617692031	-49.07638253	NAN	
95.501	5.68	2.165	1	0	0.1656804153	-49.27248164	NAN	
95.601	5.685	2.16	1	0	0.158113883	-49.46858075	NAN	
95.701	5.685	2.165	1	0	0.1550806242	-49.46858075	NAN	
95.801	5.69	2.155	1	0	0.1794435844	-49.66467986	NAN	
95.901	5.695	2.16	1	0	0.2084466359	-49.86077897	NAN	
96.001	5.695	2.16	1	0	0.2975735203	-49.86077897	NAN	
96.101	5.7	2.155	1	0	0.3096772513	-50.05687808	NAN	
96.201	5.705	2.17	1	0	0.3464101615	-50.25297719	NAN	
96.301	5.71	2.15	1	0	0.2951270913	-50.4490763	NAN	
96.401	5.715	2.155	1	0	0.2700925767	-50.64517541	NAN	
96.501	5.715	2.16	1	0	0.2294558781	-50.64517541	NAN	
96.601	5.72	2.165	1	0	0.1504991694	-50.84127452	NAN	
96.701	5.725	2.155	1	0	0.155724115	-51.03737363	NAN	
96.801	5.73	2.155	1	0	0.1577973384	-51.23347274	NAN	
96.901	5.735	2.15	1	0	0.2126029163	-51.42957185	NAN	
97.001	5.735	2.155	1	0	0.1349073756	-51.42957185	NAN	
97.101	5.74	2.165	1	0	0.2665520587	-51.62567096	NAN	
97.201	5.74	2.155	1	0	0.3562302626	-51.62567096	NAN	
97.301	5.745	2.165	1	0	0.5492267291	-51.82177007	NAN	
97.401	5.75	2.155	1	0	0.645987616	-52.01786918	NAN	
97.501	5.755	2.155	1	0	0.6927120614	-52.21396829	NAN	
97.601	5.76	2.155	1	0	0.7350170066	-52.4100674	NAN	
97.701	5.765	2.16	1	0	0.6937939175	-52.60616651	NAN	
97.801	5.765	2.155	1	0	0.6819824045	-52.60616651	NAN	
97.901	5.77	2.16	1	0	0.7127762622	-52.80226562	NAN	
98.001	5.775	2.16	1	0	0.7862569555	-52.99836473	NAN	
98.101	5.775	2.155	1	0	0.8210663798	-52.99836473	NAN	
98.201	5.78	2.155	1	0	0.8519096196	-53.19446384	NAN	
98.301	5.78	2.155	1	0	0.8945110396	-53.19446384	NAN	
98.401	5.785	2.165	1	0	0.9196194865	-53.39056295	NAN	
98.501	5.79	2.155	1	0	0.9327111021	-53.58666206	NAN	
98.601	5.795	2.165	1	0	0.9342376571	-53.78276117	NAN	
98.701	5.8	2.155	1	0	0.9324162161	-53.97886028	NAN	
98.801	5.805	2.155	1	0	0.9171423008	-54.17495939	NAN	
98.901	5.805	2.16	1	0	0.9322553298	-54.17495939	NAN	
99.001	5.81	2.16	1	0	0.9607809324	-54.3710585	NAN	
99.101	5.815	2.16	1	0	0.9777780934	-54.56715761	NAN	
99.201	5.82	2.155	1	0	1.003444069	-54.76325672	NAN	
99.301	5.825	2.155	1	0	1.008117057	-54.95935583	NAN	
99.401	5.83	2.16	1	0	1.02034308	-55.15545494	NAN	
99.501	5.83	2.155	1	0	1.045681596	-55.15545494	NAN	
99.601	5.835	2.15	1	0	1.051118452	-55.35155405	NAN	
99.701	5.84	2.155	1	0	1.059740534	-55.54765316	NAN	
99.801	5.84	2.155	1	0	1.058229654	-55.54765316	NAN	
99.901	5.845	2.165	1	0	1.051641574	-55.74375227	NAN	
100.001	5.85	2.16	1	0	1.026230968	-55.93985138	NAN	
100.101	5.855	2.165	1	0	0.9764476432	-56.13595049	NAN	
100.201	5.86	2.165	1	0	0.9237694518	-56.3320496	NAN	
100.301	5.86	2.155	1	0	0.8963258336	-56.3320496	NAN	
100.401	5.865	2.155	1	0	0.8997777503	-56.52814871	NAN	
100.501	5.87	2.16	1	0	0.9217374897	-56.72424782	NAN	
100.601	5.875	2.16	1	0	0.9328987083	-56.92034693	NAN	
100.701	5.875	2.15	1	0	0.943716059	-56.92034693	NAN	
100.801	5.88	2.17	1	0	0.965194281	-57.11644604	NAN	
100.901	5.885	2.16	1	0	0.9757304956	-57.31254515	NAN	
101.001	5.89	2.16	1	0	0.9828784258	-57.50864426	NAN	
101.101	5.89	2.155	1	0	0.9675484484	-57.50864426	NAN	
101.201	5.895	2.16	1	0	0.9141115906	-57.70474337	NAN	
101.301	5.9	2.16	1	0	0.8336666	-57.90084248	NAN	
101.401	5.905	2.16	1	0	0.6217716623	-58.09694159	NAN	
101.501	5.905	2.165	1	0	0.3244996148	-58.09694159	NAN	
101.601	5.91	2.16	1	0	0.1749285568	-58.2930407	NAN	
101.701	5.915	2.165	1	0	0.09924716621	-58.48913981	NAN	
101.801	5.92	2.16	1	0	0.1889444363	-58.68523892	NAN	
101.901	5.925	2.155	1	0	0.3553167601	-58.88133803	NAN	
102.001	5.925	2.16	1	0	0.4866210024	-58.88133803	NAN	
102.101	5.93	2.16	1	0	0.5528109984	-59.07743714	NAN	
102.201	5.935	2.15	1	0	0.5479963504	-59.27353625	NAN	
102.301	5.94	2.16	1	0	0.5263553932	-59.46963536	NAN	
102.401	5.945	2.16	1	0	0.4711687596	-59.66573447	NAN	
102.501	5.945	2.16	1	0	0.3919183588	-59.66573447	NAN	
102.601	5.95	2.16	1	0	0.3946517452	-59.86183358	NAN	
102.701	5.955	2.16	1	0	0.3066757245	-60.05793269	NAN	
102.801	5.96	2.16	1	0	0.2365375235	-60.2540318	NAN	
102.901	5.965	2.165	1	0	0.1596871942	-60.45013091	NAN	
103.001	5.97	2.155	1	0	0.1665833125	-60.64623002	NAN	
103.101	5.97	2.16	1	0	0.2224859546	-60.64623002	NAN	
103.201	5.975	2.155	1	0	0.3191394679	-60.84232913	NAN	
103.301	5.98	2.16	1	0	0.3599305489	-61.03842824	NAN	
103.401	5.985	2.165	1	0	0.365650106	-61.23452735	NAN	
103.501	5.99	2.155	1	0	0.3474910071	-61.43062646	NAN	
103.601	5.99	2.15	1	0	0.3084639363	-61.43062646	NAN	
103.701	5.995	2.165	1	0	0.2082066281	-61.62672557	NAN	
103.801	6	2.16	1	0	0.2127204739	-61.82282468	NAN	
103.901	6.005	2.155	1	0	0.2133072901	-62.01892379	NAN	
104.001	6.005	2.155	1	0	0.2309761892	-62.01892379	NAN	
104.101	6.01	2.155	1	0	0.1646207763	-62.2150229	NAN	
104.201	6.015	2.155	1	0	0.09219544457	-62.41112201	NAN	
104.301	6.02	2.155	1	0	0.04123105626	-62.60722112	NAN	
104.401	6.02	2.155	1	0	0.03872983346	-62.60722112	NAN	
104.501	6.025	2.155	1	0	0.04582575695	-62.80332023	NAN	
104.601	6.03	2.155	1	0	0.0561248608	-62.99941934	NAN	
104.701	6.03	2.16	1	0	0.06284902545	-62.99941934	NAN	
104.801	6.035	2.155	1	0	0.08185352772	-63.19551845	NAN	
104.901	6.04	2.16	1	0	0.1072380529	-63.39161756	NAN	
105.001	6.045	2.16	1	0	0.1542724862	-63.58771667	NAN	
105.101	6.05	2.155	1	0	0.1918332609	-63.78381578	NAN	
105.201	6.05	2.16	1	0	0.2886173938	-63.78381578	NAN	
105.301	6.055	2.16	1	0	0.3973663297	-63.97991489	NAN	
105.401	6.055	2.15	1	0	0.4665297418	-63.97991489	NAN	
105.501	6.065	2.16	1	0	0.5476769121	-64.37211311	NAN	
105.601	6.07	2.155	1	0	0.5673182528	-64.56821222	NAN	
105.701	6.075	2.155	1	0	0.4256759331	-64.76431133	NAN	
105.801	6.075	2.16	1	0	0.4021193853	-64.76431133	NAN	
105.901	6.08	2.16	1	0	0.3598610843	-64.96041044	NAN	
106.001	6.08	2.16	1	0	0.1206233808	-64.96041044	NAN	
106.101	6.085	2.165	1	0	0.05958187644	-65.15650955	NAN	
106.201	6.09	2.16	1	0	0.085732141	-65.35260866	NAN	
106.301	6.09	2.16	1	0	0.09137833441	-65.35260866	NAN	
106.401	6.095	2.16	1	0	0.111579568	-65.54870777	NAN	
106.501	6.105	2.16	1	0	0.1387443693	-65.94090599	NAN	
106.601	6.105	2.16	1	0	0.1216552506	-65.94090599	NAN	
106.701	6.11	2.16	1	0	0.1849324201	-66.1370051	NAN	
106.801	6.115	2.165	1	0	0.3055323223	-66.33310421	NAN	
106.901	6.115	2.16	1	0	0.3514256678	-66.33310421	NAN	
107.001	6.125	2.155	1	0	0.2811583184	-66.72530243	NAN	
107.101	6.13	2.165	1	0	0.3336914743	-66.92140154	NAN	
107.201	6.13	2.165	1	0	0.2755902756	-66.92140154	NAN	
107.301	6.13	2.16	1	0	0.2937686164	-66.92140154	NAN	
107.401	6.135	2.165	1	0	0.316227766	-67.11750065	NAN	
107.501	6.14	2.16	1	0	0.3170961999	-67.31359976	NAN	
107.601	6.145	2.155	1	0	0.1624807681	-67.50969887	NAN	
107.701	6.15	2.16	1	0	0.1702938637	-67.70579798	NAN	
107.801	6.155	2.155	1	0	0.132476413	-67.90189709	NAN	
107.901	6.16	2.16	1	0	0.04527692569	-68.0979962	NAN	
108.001	6.16	2.155	1	0	0.04636809248	-68.0979962	NAN	
108.101	6.165	2.155	1	0	0.08154753215	-68.29409531	NAN	
108.201	6.17	2.16	1	0	0.08	-68.49019442	NAN	
108.301	6.18	2.16	1	0	0.1053565375	-68.88239264	NAN	
108.401	6.18	2.155	1	0	0.1456021978	-68.88239264	NAN	
108.501	6.18	2.16	1	0	0.1827566688	-68.88239264	NAN	
108.601	6.18	2.165	1	0	0.2223735596	-68.88239264	NAN	
108.701	6.19	2.165	1	0	0.1834393633	-69.27459086	NAN	
108.801	6.195	2.16	1	0	0.2022374842	-69.47068997	NAN	
108.901	6.195	2.155	1	0	0.1885470763	-69.47068997	NAN	
109.001	6.2	2.16	1	0	0.1911805429	-69.66678908	NAN	
109.101	6.205	2.155	1	0	0.1634013464	-69.86288819	NAN	
109.201	6.21	2.165	1	0	0.1523154621	-70.0589873	NAN	
109.301	6.21	2.16	1	0	0.1148912529	-70.0589873	NAN	
109.401	6.215	2.16	1	0	0.08276472679	-70.25508641	NAN	
109.501	6.22	2.165	1	0	0.1144552314	-70.45118552	NAN	
109.601	6.225	2.155	1	0	0.1276714533	-70.64728463	NAN	
109.701	6.225	2.16	1	0	0.1665833125	-70.64728463	NAN	
109.801	6.23	2.165	1	0	0.235690475	-70.84338374	NAN	
109.901	6.23	2.16	1	0	0.2192031022	-70.84338374	NAN	
110.001	6.235	2.165	1	0	0.2557342371	-71.03948285	NAN	
110.101	6.24	2.16	1	0	0.1739252713	-71.23558196	NAN	
110.201	6.245	2.16	1	0	0.1501665742	-71.43168107	NAN	
110.301	6.25	2.155	1	0	0.09899494937	-71.62778018	NAN	
110.401	6.255	2.155	1	0	0.1309580085	-71.82387929	NAN	
110.501	6.26	2.165	1	0	0.155724115	-72.0199784	NAN	
110.601	6.265	2.17	1	0	0.2503996805	-72.21607751	NAN	
110.701	6.265	2.155	1	0	0.2809804264	-72.21607751	NAN	
110.801	6.27	2.155	1	0	0.3544009029	-72.41217662	NAN	
110.901	6.275	2.155	1	0	0.3245766473	-72.60827573	NAN	
111.001	6.28	2.175	1	0	0.3560898763	-72.80437484	NAN	
111.101	6.28	2.165	1	0	0.4150301194	-72.80437484	NAN	
111.201	6.285	2.165	1	0	0.378219513	-73.00047395	NAN	
111.301	6.29	2.165	1	0	0.3267261851	-73.19657306	NAN	
111.401	6.295	2.16	1	0	0.2916333314	-73.39267217	NAN	
111.501	6.295	2.155	1	0	0.2389560629	-73.39267217	NAN	
111.601	6.31	2.165	1	0	0.1876166304	-73.9809695	NAN	
111.701	6.31	2.16	1	0	0.1491643389	-73.9809695	NAN	
111.801	6.31	2.16	1	0	0.1317193987	-73.9809695	NAN	
111.901	6.315	2.165	1	0	0.1111305539	-74.17706861	NAN	
112.001	6.315	2.165	1	0	0.09949874371	-74.17706861	NAN	
112.101	6.32	2.165	1	0	0.1462873884	-74.37316772	NAN	
112.201	6.33	2.165	1	0	0.2269361144	-74.76536594	NAN	
112.301	6.335	2.17	1	0	0.3014962686	-74.96146505	NAN	
112.401	6.335	2.155	1	0	0.4182702476	-74.96146505	NAN	
112.501	6.335	2.155	1	0	0.5202403291	-74.96146505	NAN	
112.601	6.335	2.16	1	0	0.5768015257	-74.96146505	NAN	
112.701	6.35	2.165	1	0	0.6879680225	-75.54976238	NAN	
112.801	6.35	2.16	1	0	0.761642961	-75.54976238	NAN	
112.901	6.355	2.17	1	0	0.7581886309	-75.74586149	NAN	
113.001	6.36	2.155	1	0	0.7385120175	-75.9419606	NAN	
113.101	6.36	2.155	1	0	0.7046985171	-75.9419606	NAN	
113.201	6.365	2.16	1	0	0.6629479618	-76.13805971	NAN	
113.301	6.365	2.145	1	0	0.606011551	-76.13805971	NAN	
113.401	6.37	2.16	1	0	0.4800520805	-76.33415882	NAN	
113.501	6.385	2.165	1	0	0.3534826728	-76.92245615	NAN	
113.601	6.39	2.165	1	0	0.2740437921	-77.11855526	NAN	
113.701	6.39	2.165	1	0	0.1587450787	-77.11855526	NAN	
113.801	6.39	2.16	1	0	0.1197914855	-77.11855526	NAN	
113.901	6.395	2.145	1	0	0.1095445115	-77.31465437	NAN	
114.001	6.395	2.145	1	0	0.07	-77.31465437	NAN	
114.101	6.405	2.165	1	0	0.05873670062	-77.70685259	NAN	
114.201	6.41	2.165	1	0	0.06	-77.9029517	NAN	
114.301	6.41	2.145	1	0	0.03937003937	-77.9029517	NAN	
114.401	6.415	2.16	1	0	0.05291502622	-78.09905081	NAN	
114.501	6.42	2.165	1	0	0.05	-78.29514992	NAN	
114.601	6.42	2.16	1	0	0.05	-78.29514992	NAN	
114.701	6.425	2.145	1	0	0.0632455532	-78.49124903	NAN	
114.801	6.43	2.16	1	0	0.09746794345	-78.68734814	NAN	
114.901	6.43	2.16	1	0	0.1166190379	-78.68734814	NAN	
115.001	6.43	2.16	1	0	0.1301921657	-78.68734814	NAN	
115.101	6.44	2.165	1	0	0.1641645516	-79.07954636	NAN	
115.201	6.445	2.175	1	0	0.2187464285	-79.27564547	NAN	
115.301	6.445	2.16	1	0	0.2555386468	-79.27564547	NAN	
115.401	6.445	2.155	1	0	0.3000833218	-79.27564547	NAN	
115.501	6.455	2.16	1	0	0.3369718089	-79.66784369	NAN	
115.601	6.455	2.16	1	0	0.3575611836	-79.66784369	NAN	
115.701	6.47	2.165	1	0	0.39	-80.25614102	NAN	
115.801	6.47	2.145	1	0	0.4121892769	-80.25614102	NAN	
115.901	6.475	2.16	1	0	0.3908324449	-80.45224013	NAN	
116.001	6.475	2.16	1	0	0.3807229964	-80.45224013	NAN	
116.101	6.48	2.15	1	0	0.3476348659	-80.64833924	NAN	
116.201	6.48	2.175	1	0	0.312649964	-80.64833924	NAN	
116.301	6.485	2.15	1	0	0.2592296279	-80.84443835	NAN	
116.401	6.485	2.16	1	0	0.1919635382	-80.84443835	NAN	
116.501	6.49	2.155	1	0	0.1394632568	-81.04053746	NAN	
116.601	6.495	2.165	1	0	0.08660254038	-81.23663657	NAN	
116.701	6.5	2.16	1	0	0.05099019514	-81.43273569	NAN	
116.801	6.505	2.15	1	0	0.02915475947	-81.6288348	NAN	
116.901	6.515	2.16	1	0	0.03	-82.02103302	NAN	
117.001	6.515	2.16	1	0	0.0234520788	-82.02103302	NAN	
117.101	6.515	2.155	1	0	0.01870828693	-82.02103302	NAN	
117.201	6.525	2.155	1	0	0.02549509757	-82.41323124	NAN	
117.301	6.53	2.16	1	0	0.06	-82.60933035	NAN	
117.401	6.535	2.16	1	0	0.07937253933	-82.80542946	NAN	
117.501	6.535	2.155	1	0	0.1210371844	-82.80542946	NAN	
117.601	6.54	2.16	1	0	0.1189537725	-83.00152857	NAN	
117.701	6.545	2.165	1	0	0.1135781669	-83.19762768	NAN	
117.801	6.545	2.16	1	0	0.1181101181	-83.19762768	NAN	
117.901	6.545	2.165	1	0	0.1202081528	-83.19762768	NAN	
118.001	6.55	2.165	1	0	0.129614814	-83.39372679	NAN	
118.101	6.565	2.165	1	0	0.1276714533	-83.98202412	NAN	
118.201	6.565	2.16	1	0	0.1587450787	-83.98202412	NAN	
118.301	6.565	2.155	1	0	0.2144761059	-83.98202412	NAN	
118.401	6.565	2.16	1	0	0.2113054661	-83.98202412	NAN	
118.501	6.57	2.165	1	0	0.2088061302	-84.17812323	NAN	
118.601	6.575	2.155	1	0	0.1998749609	-84.37422234	NAN	
118.701	6.575	2.165	1	0	0.2	-84.37422234	NAN	
118.801	6.575	2.16	1	0	0.1920937271	-84.37422234	NAN	
118.901	6.59	2.16	1	0	0.1343502884	-84.96251967	NAN	
119.001	6.59	2.16	1	0	0.05	-84.96251967	NAN	
119.101	6.59	2.16	1	0	0.02915475947	-84.96251967	NAN	
119.201	6.605	2.16	1	0	0.02549509757	-85.550817	NAN	
119.301	6.605	2.16	1	0	0.05787918451	-85.550817	NAN	
119.401	6.61	2.16	1	0	0.1031988372	-85.74691611	NAN	
119.501	6.61	2.16	1	0	0.2043281674	-85.74691611	NAN	
119.601	6.61	2.16	1	0	0.2371708245	-85.74691611	NAN	
119.701	6.615	2.155	1	0	0.2696293753	-85.94301522	NAN	
119.801	6.63	2.16	1	0	0.3185906464	-86.53131255	NAN	
119.901	6.63	2.16	1	0	0.3475629439	-86.53131255	NAN	
120.001	6.635	2.16	1	0	0.4085951542	-86.72741166	NAN	
120.101	6.635	2.155	1	0	0.4229066091	-86.72741166	NAN	
120.201	6.635	2.165	1	0	0.4548076517	-86.72741166	NAN	
120.301	6.64	2.155	1	0	0.5104409858	-86.92351077	NAN	
120.401	6.645	2.165	1	0	0.5063101816	-87.11960988	NAN	
120.501	6.65	2.16	1	0	0.49979996	-87.31570899	NAN	
120.601	6.655	2.16	1	0	0.4796352781	-87.5118081	NAN	
120.701	6.655	2.16	1	0	0.4617358552	-87.5118081	NAN	
120.801	6.665	2.16	1	0	0.4150301194	-87.90400632	NAN	
120.901	6.665	2.155	1	0	0.3589568219	-87.90400632	NAN	
121.001	6.665	2.155	1	0	0.3607630802	-87.90400632	NAN	
121.101	6.665	2.16	1	0	0.3290136775	-87.90400632	NAN	
121.201	6.67	2.165	1	0	0.3154362059	-88.10010543	NAN	
121.301	6.675	2.165	1	0	0.3043024811	-88.29620454	NAN	
121.401	6.68	2.155	1	0	0.2247220505	-88.49230365	NAN	
121.501	6.69	2.16	1	0	0.2035927307	-88.88450187	NAN	
121.601	6.7	2.16	1	0	0.1764936259	-89.27670009	NAN	
121.701	6.7	2.155	1	0	0.1185326959	-89.27670009	NAN	
121.801	6.7	2.155	1	0	0.08860022573	-89.27670009	NAN	
121.901	6.7	2.16	1	0	0.09669539803	-89.27670009	NAN	
122.001	6.7	2.16	1	0	0.1656804153	-89.27670009	NAN	
122.101	6.705	2.165	1	0	0.2019900988	-89.4727992	NAN	
122.201	6.715	2.16	1	0	0.1212435565	-89.86499742	NAN	
122.301	6.725	2.16	0	0	0.09327379053	-90.25719564	NAN	
122.401	6.725	2.16	0	0	0.06	-90.25719564	NAN	
122.501	6.725	2.16	0	0	0.07516648189	-90.25719564	NAN	
122.601	6.725	2.16	0	0	0.0738241153	-90.25719564	NAN	
122.701	6.725	2.165	0	0	0.07176350047	-90.25719564	NAN	
122.801	6.725	2.16	0	0	0.05522680509	-90.25719564	NAN	
122.901	6.725	2.17	0	0	0.04472135955	-90.25719564	NAN	
123.001	6.725	2.17	0	0	0.0469041576	-90.25719564	NAN	
123.101	6.725	2.17	0	0	0.02549509757	-90.25719564	NAN	
123.201	6.725	2.165	0	0	0.05567764363	-90.25719564	NAN	
123.301	6.725	2.16	0	0	0.03937003937	-90.25719564	NAN	
123.401	6.725	2.16	0	0	0.0316227766	-90.25719564	NAN	
123.501	6.725	2.165	0	0	0.06633249581	-90.25719564	NAN	
123.601	6.725	2.16	0	0	0.04847679857	-90.25719564	NAN	
123.701	6.725	2.17	0	0	0.03807886553	-90.25719564	NAN	
123.801	6.725	2.165	0	0	0.04	-90.25719564	NAN	
123.901	6.725	2.16	0	0	0.06123724357	-90.25719564	NAN	
124.001	6.725	2.165	0	0	0.08485281374	-90.25719564	NAN	
124.101	6.725	2.155	0	0	0.09192388155	-90.25719564	NAN	
124.201	6.725	2.165	0	0	0.11	-90.25719564	NAN	
124.301	6.725	2.16	0	0	0.109772492	-90.25719564	NAN	
124.401	6.725	2.16	0	0	0.1122497216	-90.25719564	NAN	
124.501	6.725	2.165	0	0	0.1391042774	-90.25719564	NAN	
124.601	6.725	2.16	0	0	0.1511621646	-90.25719564	NAN	
124.701	6.725	2.16	0	0	0.1640121947	-90.25719564	NAN	
124.801	6.725	2.17	0	0	0.1396424004	-90.25719564	NAN	
124.901	6.725	2.165	0	0	0.138383525	-90.25719564	NAN	
125.001	6.725	2.165	0	0	0.1524795068	-90.25719564	NAN	
