MIN=0	0	-10	0	0	0	0	0	
MAX=160	10	10	1	1	7	100	5	
SCALE=50	2.5	5	0.5	0.5	5	50	1	
DEC=1	2	2	0	0	2	1	3	
DEF="Time" t / s	"Resistance" R_A1 / k&W	"Voltage" U_B1 / V	"Relay" R_1	"Voltage Source" S_1	"Voltage" U_B2 / V	"ang" ang	"Frequency" f / Hz	
0	6.725	-2.15	1	0	0.423083916	-90.25719555	NAN	
0.1	6.725	-2.15	1	0	0.4062634613	-90.25719555	NAN	
0.2	6.725	-2.15	1	0	0.4219004622	-90.25719555	NAN	
0.3	6.71	-2.15	1	0	0.3940812099	-89.66889822	NAN	
0.4	6.7	-2.15	1	0	0.3742993454	-89.2767	NAN	
0.5	6.7	-2.15	1	0	0.390960356	-89.2767	NAN	
0.6	6.7	-2.15	1	0	0.3756327994	-89.2767	NAN	
0.7	6.7	-2.15	1	0	0.3025723054	-89.2767	NAN	
0.8	6.7	-2.15	1	0	0.2673013281	-89.2767	NAN	
0.9	6.7	-2.15	1	0	0.3290896534	-89.2767	NAN	
1	6.685	-2.15	1	0	0.31144823	-88.68840267	NAN	
1.1	6.685	-2.15	1	0	0.3204684072	-88.68840267	NAN	
1.2	6.675	-2.15	1	0	0.325499616	-88.29620445	NAN	
1.3	6.67	-2.15	1	0	0.337194306	-88.10010534	NAN	
1.4	6.67	-2.15	1	0	0.3303028913	-88.10010534	NAN	
1.5	6.67	-2.15	1	0	0.4280186912	-88.10010534	NAN	
1.6	6.665	-2.15	1	0	0.3825571853	-87.90400623	NAN	
1.7	6.66	-2.15	1	0	0.3472751071	-87.70790712	NAN	
1.8	6.655	-2.15	1	0	0.2930017065	-87.51180801	NAN	
1.9	6.65	-2.15	1	0	0.3358571125	-87.3157089	NAN	
2	6.655	-2.15	1	0	0.2926602125	-87.51180801	NAN	
2.1	6.645	-2.15	1	0	0.2353720459	-87.11960979	NAN	
2.2	6.64	-2.15	1	0	0.1547578754	-86.92351068	NAN	
2.3	6.635	-2.15	1	0	0.07516648189	-86.72741157	NAN	
2.4	6.635	-2.15	1	0	0.09565563235	-86.72741157	NAN	
2.5	6.63	-2.15	1	0	0.1320984481	-86.53131246	NAN	
2.6	6.63	-2.15	1	0	0.1582719179	-86.53131246	NAN	
2.7	6.63	-2.15	1	0	0.1797220076	-86.53131246	NAN	
2.8	6.625	-2.15	1	0	0.2122498528	-86.33521335	NAN	
2.9	6.615	-2.15	1	0	0.1959591794	-85.94301513	NAN	
3	6.61	-2.15	1	0	0.1694107435	-85.74691602	NAN	
3.1	6.615	-2.15	1	0	0.1831665908	-85.94301513	NAN	
3.2	6.61	-2.15	1	0	0.1757839583	-85.74691602	NAN	
3.3	6.605	-2.15	1	0	0.251694259	-85.55081691	NAN	
3.4	6.6	-2.15	1	0	0.2508983858	-85.3547178	NAN	
3.5	6.595	-2.15	1	0	0.2337733946	-85.15861869	NAN	
3.6	6.59	-2.15	1	0	0.2456623699	-84.96251958	NAN	
3.7	6.59	-2.15	1	0	0.2573907535	-84.96251958	NAN	
3.8	6.585	-2.15	1	0	0.2452549694	-84.76642047	NAN	
3.9	6.58	-2.15	1	0	0.1932614809	-84.57032136	NAN	
4	6.575	-2.15	1	0	0.1526433752	-84.37422225	NAN	
4.1	6.57	-2.15	1	0	0.1717556404	-84.17812314	NAN	
4.2	6.565	-2.15	1	0	0.1053565375	-83.98202403	NAN	
4.3	6.565	-2.15	1	0	0.07968688725	-83.98202403	NAN	
4.4	6.565	-2.15	1	0	0.05567764363	-83.98202403	NAN	
4.5	6.56	-2.15	1	0	0.0561248608	-83.78592492	NAN	
4.6	6.555	-2.15	1	0	0.1090871211	-83.58982581	NAN	
4.7	6.545	-2.15	1	0	0.1927433527	-83.19762759	NAN	
4.8	6.545	-2.15	1	0	0.2149418526	-83.19762759	NAN	
4.9	6.54	-2.15	1	0	0.2361143791	-83.00152848	NAN	
5	6.54	-2.15	1	0	0.2786574959	-83.00152848	NAN	
5.1	6.54	-2.15	1	0	0.2816025568	-83.00152848	NAN	
5.2	6.535	-2.15	1	0	0.3092733419	-82.80542937	NAN	
5.3	6.535	-2.15	1	0	0.3070830507	-82.80542937	NAN	
5.4	6.53	-2.15	1	0	0.3303785707	-82.60933026	NAN	
5.5	6.52	-2.15	1	0	0.3312853755	-82.21713204	NAN	
5.6	6.515	-2.15	1	0	0.2961418579	-82.02103293	NAN	
5.7	6.515	-2.15	1	0	0.2965636525	-82.02103293	NAN	
5.8	6.51	-2.15	1	0	0.317411405	-81.82493382	NAN	
5.9	6.505	-2.15	1	0	0.3509273429	-81.62883471	NAN	
6	6.495	-2.15	1	0	0.423024822	-81.23663649	NAN	
6.1	6.495	-2.15	1	0	0.486569625	-81.23663649	NAN	
6.2	6.485	-2.15	1	0	0.5068530359	-80.84443827	NAN	
6.3	6.485	-2.15	1	0	0.5560125898	-80.84443827	NAN	
6.4	6.485	-2.15	1	0	0.5596874128	-80.84443827	NAN	
6.5	6.48	-2.15	1	0	0.5197114584	-80.64833916	NAN	
6.6	6.475	-2.15	1	0	0.5048762225	-80.45224005	NAN	
6.7	6.475	-2.15	1	0	0.4648117899	-80.45224005	NAN	
6.8	6.47	-2.15	1	0	0.3810511777	-80.25614094	NAN	
6.9	6.47	-2.15	1	0	0.3254228019	-80.25614094	NAN	
7	6.47	-2.15	1	0	0.2952964612	-80.25614094	NAN	
7.1	6.455	-2.15	1	0	0.2467792536	-79.66784361	NAN	
7.2	6.455	-2.15	1	0	0.220113607	-79.66784361	NAN	
7.3	6.445	-2.15	1	0	0.2416609195	-79.27564539	NAN	
7.4	6.445	-2.15	1	0	0.2475883681	-79.27564539	NAN	
7.5	6.445	-2.15	1	0	0.2486966023	-79.27564539	NAN	
7.6	6.44	-2.15	1	0	0.2308679276	-79.07954628	NAN	
7.7	6.435	-2.15	1	0	0.240208243	-78.88344717	NAN	
7.8	6.43	-2.15	1	0	0.2915475947	-78.68734806	NAN	
7.9	6.43	-2.15	1	0	0.3277956681	-78.68734806	NAN	
8	6.425	-2.15	1	0	0.3357082066	-78.49124895	NAN	
8.1	6.425	-2.15	1	0	0.3562302626	-78.49124895	NAN	
8.2	6.415	-2.15	1	0	0.3547534355	-78.09905073	NAN	
8.3	6.41	-2.15	1	0	0.3726258177	-77.90295162	NAN	
8.4	6.41	-2.15	1	0	0.3632492257	-77.90295162	NAN	
8.5	6.41	-2.15	1	0	0.4055859958	-77.90295162	NAN	
8.6	6.405	-2.15	1	0	0.3507135583	-77.70685251	NAN	
8.7	6.395	-2.15	1	0	0.3216364407	-77.31465429	NAN	
8.8	6.395	-2.15	1	0	0.2317326045	-77.31465429	NAN	
8.9	6.39	-2.15	1	0	0.233023604	-77.11855518	NAN	
9	6.39	-2.15	1	0	0.186949191	-77.11855518	NAN	
9.1	6.385	-2.15	1	0	0.07810249676	-76.92245607	NAN	
9.2	6.38	-2.15	1	0	0.03807886553	-76.72635696	NAN	
9.3	6.37	-2.15	1	0	0.03674234614	-76.33415874	NAN	
9.4	6.365	-2.15	1	0	0.09110433579	-76.13805963	NAN	
9.5	6.36	-2.15	1	0	0.1541103501	-75.94196052	NAN	
9.6	6.365	-2.15	1	0	0.2461706725	-76.13805963	NAN	
9.7	6.36	-2.15	1	0	0.2682349716	-75.94196052	NAN	
9.8	6.36	-2.15	1	0	0.286966897	-75.94196052	NAN	
9.9	6.35	-2.15	1	0	0.3045488467	-75.5497623	NAN	
10	6.34	-2.15	1	0	0.3041381265	-75.15756408	NAN	
10.1	6.34	-2.15	1	0	0.3160696126	-75.15756408	NAN	
10.2	6.335	-2.15	1	0	0.3082207001	-74.96146497	NAN	
10.3	6.335	-2.15	1	0	0.2510975906	-74.96146497	NAN	
10.4	6.335	-2.15	1	0	0.2522895162	-74.96146497	NAN	
10.5	6.33	-2.15	1	0	0.2174856317	-74.76536586	NAN	
10.6	6.32	-2.15	1	0	0.2084466359	-74.37316764	NAN	
10.7	6.32	-2.15	1	0	0.3024896692	-74.37316764	NAN	
10.8	6.315	-2.15	1	0	0.36	-74.17706853	NAN	
10.9	6.315	-2.15	1	0	0.5710078809	-74.17706853	NAN	
11	6.31	-2.15	1	0	0.7135474756	-73.98096942	NAN	
11.1	6.305	-2.15	1	0	0.8144323176	-73.78487031	NAN	
11.2	6.295	-2.15	1	0	0.8476437931	-73.39267209	NAN	
11.3	6.29	-2.15	1	0	0.8724677644	-73.19657298	NAN	
11.4	6.29	-2.15	1	0	0.8979977728	-73.19657298	NAN	
11.5	6.29	-2.15	1	0	0.8922443611	-73.19657298	NAN	
11.6	6.29	-2.15	1	0	0.8754713016	-73.19657298	NAN	
11.7	6.285	-2.15	1	0	0.8526136288	-73.00047387	NAN	
11.8	6.275	-2.15	1	0	0.8322860085	-72.60827565	NAN	
11.9	6.275	-2.15	1	0	0.8024649525	-72.60827565	NAN	
12	6.275	-2.15	1	0	0.7808328887	-72.60827565	NAN	
12.1	6.265	-2.15	1	0	0.6968500556	-72.21607743	NAN	
12.2	6.26	-2.15	1	0	0.6250199997	-72.01997832	NAN	
12.3	6.255	-2.15	1	0	0.5832666629	-71.82387921	NAN	
12.4	6.25	-2.15	1	0	0.5788782255	-71.6277801	NAN	
12.5	6.245	-2.15	1	0	0.5609367166	-71.43168099	NAN	
12.6	6.245	-2.15	1	0	0.5978712236	-71.43168099	NAN	
12.7	6.24	-2.15	1	0	0.6172924752	-71.23558188	NAN	
12.8	6.235	-2.15	1	0	0.5734108475	-71.03948277	NAN	
12.9	6.23	-2.15	1	0	0.5458479642	-70.84338366	NAN	
13	6.23	-2.15	1	0	0.5443803817	-70.84338366	NAN	
13.1	6.225	-2.15	1	0	0.5378196724	-70.64728455	NAN	
13.2	6.22	-2.15	1	0	0.4847164119	-70.45118544	NAN	
13.3	6.22	-2.15	1	0	0.4898469149	-70.45118544	NAN	
13.4	6.215	-2.15	1	0	0.5220153254	-70.25508633	NAN	
13.5	6.21	-2.15	1	0	0.5990409001	-70.05898722	NAN	
13.6	6.21	-2.15	1	0	0.6970294111	-70.05898722	NAN	
13.7	6.205	-2.15	1	0	0.7446811398	-69.86288811	NAN	
13.8	6.195	-2.15	1	0	0.8339364484	-69.47068989	NAN	
13.9	6.195	-2.15	1	0	0.8212794896	-69.47068989	NAN	
14	6.195	-2.15	1	0	0.8394045509	-69.47068989	NAN	
14.1	6.185	-2.15	1	0	0.863278634	-69.07849167	NAN	
14.2	6.185	-2.15	1	0	0.8631917516	-69.07849167	NAN	
14.3	6.18	-2.15	1	0	0.8351646544	-68.88239256	NAN	
14.4	6.18	-2.15	1	0	0.8342661446	-68.88239256	NAN	
14.5	6.175	-2.15	1	0	0.8300301199	-68.68629345	NAN	
14.6	6.17	-2.15	1	0	0.8059466484	-68.49019434	NAN	
14.7	6.165	-2.15	1	0	0.8095369047	-68.29409523	NAN	
14.8	6.16	-2.15	1	0	0.8015297873	-68.09799612	NAN	
14.9	6.16	-2.15	1	0	0.8171597151	-68.09799612	NAN	
15	6.15	-2.15	1	0	0.7876547467	-67.7057979	NAN	
15.1	6.15	-2.15	1	0	0.7091191719	-67.7057979	NAN	
15.2	6.145	-2.15	1	0	0.6276941931	-67.50969879	NAN	
15.3	6.145	-2.15	1	0	0.5858327406	-67.50969879	NAN	
15.4	6.14	-2.15	1	0	0.5418025471	-67.31359968	NAN	
15.5	6.135	-2.15	1	0	0.4792702787	-67.11750057	NAN	
15.6	6.13	-2.15	1	0	0.4581484476	-66.92140146	NAN	
15.7	6.13	-2.15	1	0	0.5777975424	-66.92140146	NAN	
15.8	6.125	-2.15	1	0	0.6810653419	-66.72530235	NAN	
15.9	6.115	-2.15	1	0	0.6816524041	-66.33310413	NAN	
16	6.115	-2.15	1	0	0.7111610226	-66.33310413	NAN	
16.1	6.11	-2.15	1	0	0.7096830278	-66.13700502	NAN	
16.2	6.11	-2.15	1	0	0.6828250142	-66.13700502	NAN	
16.3	6.105	-2.15	1	0	0.6403905059	-65.94090591	NAN	
16.4	6.1	-2.15	1	0	0.6041936776	-65.7448068	NAN	
16.5	6.095	-2.15	1	0	0.4872884156	-65.54870769	NAN	
16.6	6.09	-2.15	1	0	0.3964214929	-65.35260858	NAN	
16.7	6.085	-2.15	1	0	0.3534119409	-65.15650947	NAN	
16.8	6.085	-2.15	1	0	0.346554469	-65.15650947	NAN	
16.9	6.08	-2.15	1	0	0.3635244146	-64.96041036	NAN	
17	6.075	-2.15	1	0	0.3961691558	-64.76431125	NAN	
17.1	6.075	-2.15	1	0	0.4431139808	-64.76431125	NAN	
17.2	6.07	-2.15	1	0	0.4918333051	-64.56821214	NAN	
17.3	6.065	-2.15	1	0	0.5525395913	-64.37211303	NAN	
17.4	6.06	-2.15	1	0	0.6045246066	-64.17601392	NAN	
17.5	6.055	-2.15	1	0	0.6034484236	-63.97991481	NAN	
17.6	6.05	-2.15	1	0	0.5743256916	-63.7838157	NAN	
17.7	6.05	-2.15	1	0	0.5291030145	-63.7838157	NAN	
17.8	6.045	-2.15	1	0	0.4897448315	-63.58771659	NAN	
17.9	6.045	-2.15	1	0	0.4347413024	-63.58771659	NAN	
18	6.04	-2.15	1	0	0.4124318125	-63.39161748	NAN	
18.1	6.035	-2.15	1	0	0.3822302971	-63.19551837	NAN	
18.2	6.03	-2.15	1	0	0.3371201566	-62.99941926	NAN	
18.3	6.025	-2.15	1	0	0.3102418411	-62.80332015	NAN	
18.4	6.02	-2.15	1	0	0.3337663854	-62.60722104	NAN	
18.5	6.02	-2.15	1	0	0.393192065	-62.60722104	NAN	
18.6	6.015	-2.15	1	0	0.4337049688	-62.41112193	NAN	
18.7	6.015	-2.15	1	0	0.4930010142	-62.41112193	NAN	
18.8	6.01	-2.15	1	0	0.5324002254	-62.21502282	NAN	
18.9	6.005	-2.15	1	0	0.5156549234	-62.01892371	NAN	
19	6	-2.15	1	0	0.5393051084	-61.8228246	NAN	
19.1	6	-2.15	1	0	0.4891829923	-61.8228246	NAN	
19.2	5.995	-2.15	1	0	0.398246155	-61.62672549	NAN	
19.3	5.99	-2.15	1	0	0.2517935662	-61.43062638	NAN	
19.4	5.985	-2.15	1	0	0.158113883	-61.23452727	NAN	
19.5	5.985	-2.15	1	0	0.2256102835	-61.23452727	NAN	
19.6	5.98	-2.15	1	0	0.3427097898	-61.03842816	NAN	
19.7	5.975	-2.15	1	0	0.4555765578	-60.84232905	NAN	
19.8	5.97	-2.15	1	0	0.5802154772	-60.64622994	NAN	
19.9	5.97	-2.15	1	0	0.6996784976	-60.64622994	NAN	
20	5.965	-2.15	1	0	0.7537904218	-60.45013083	NAN	
20.1	5.96	-2.15	1	0	0.8142481194	-60.25403172	NAN	
20.2	5.955	-2.15	1	0	0.836480723	-60.05793261	NAN	
20.3	5.95	-2.15	1	0	0.8204267182	-59.8618335	NAN	
20.4	5.95	-2.15	1	0	0.761905506	-59.8618335	NAN	
20.5	5.945	-2.15	1	0	0.6788593374	-59.66573439	NAN	
20.6	5.94	-2.15	1	0	0.5881326381	-59.46963528	NAN	
20.7	5.94	-2.15	1	0	0.5195671275	-59.46963528	NAN	
20.8	5.935	-2.15	1	0	0.4441846463	-59.27353617	NAN	
20.9	5.93	-2.15	1	0	0.3408078638	-59.07743706	NAN	
21	5.925	-2.15	1	0	0.2589401475	-58.88133795	NAN	
21.1	5.92	-2.15	1	0	0.1828934116	-58.68523884	NAN	
21.2	5.915	-2.15	1	0	0.1555634919	-58.48913973	NAN	
21.3	5.915	-2.15	1	0	0.1216552506	-58.48913973	NAN	
21.4	5.91	-2.15	1	0	0.1072380529	-58.29304062	NAN	
21.5	5.905	-2.15	1	0	0.1048808848	-58.09694151	NAN	
21.6	5.905	-2.15	1	0	0.0703562364	-58.09694151	NAN	
21.7	5.9	-2.15	1	0	0.04358898944	-57.9008424	NAN	
21.8	5.895	-2.15	1	0	0.109772492	-57.70474329	NAN	
21.9	5.895	-2.15	1	0	0.1864135188	-57.70474329	NAN	
22	5.89	-2.15	1	0	0.1911805429	-57.50864418	NAN	
22.1	5.885	-2.15	1	0	0.2207940217	-57.31254507	NAN	
22.2	5.88	-2.15	1	0	0.1585875153	-57.11644596	NAN	
22.3	5.875	-2.15	1	0	0.1120267825	-56.92034685	NAN	
22.4	5.875	-2.15	1	0	0.08	-56.92034685	NAN	
22.5	5.87	-2.15	1	0	0.05049752469	-56.72424774	NAN	
22.6	5.865	-2.15	1	0	0.0764852927	-56.52814863	NAN	
22.7	5.86	-2.15	1	0	0.09246621004	-56.33204952	NAN	
22.8	5.86	-2.15	1	0	0.1118033989	-56.33204952	NAN	
22.9	5.855	-2.15	1	0	0.1144552314	-56.13595041	NAN	
23	5.85	-2.15	1	0	0.1031988372	-55.9398513	NAN	
23.1	5.85	-2.15	1	0	0.160623784	-55.9398513	NAN	
23.2	5.845	-2.15	1	0	0.1743559577	-55.74375219	NAN	
23.3	5.84	-2.15	1	0	0.1270826503	-55.54765308	NAN	
23.4	5.835	-2.15	1	0	0.07968688725	-55.35155397	NAN	
23.5	5.83	-2.15	1	0	0.04472135955	-55.15545486	NAN	
23.6	5.83	-2.15	1	0	0.04949747468	-55.15545486	NAN	
23.7	5.825	-2.15	1	0	0.03464101615	-54.95935575	NAN	
23.8	5.82	-2.15	1	0	0.07681145748	-54.76325664	NAN	
23.9	5.815	-2.15	1	0	0.1204159458	-54.56715753	NAN	
24	5.815	-2.15	1	0	0.1356465997	-54.56715753	NAN	
24.1	5.81	-2.15	1	0	0.148492424	-54.37105842	NAN	
24.2	5.805	-2.15	1	0	0.1394632568	-54.17495931	NAN	
24.3	5.805	-2.15	1	0	0.1511621646	-54.17495931	NAN	
24.4	5.8	-2.15	1	0	0.1356465997	-53.9788602	NAN	
24.5	5.795	-2.15	1	0	0.09513148795	-53.78276109	NAN	
24.6	5.79	-2.15	1	0	0.1102270384	-53.58666198	NAN	
24.7	5.785	-2.15	1	0	0.1826198237	-53.39056287	NAN	
24.8	5.78	-2.15	1	0	0.2787471973	-53.19446376	NAN	
24.9	5.78	-2.15	1	0	0.3945250309	-53.19446376	NAN	
25	5.775	-2.15	1	0	0.4442971978	-52.99836465	NAN	
25.1	5.77	-2.15	1	0	0.434281015	-52.80226554	NAN	
25.2	5.77	-2.15	1	0	0.364280112	-52.80226554	NAN	
25.3	5.765	-2.15	1	0	0.2694438717	-52.60616643	NAN	
25.4	5.76	-2.15	1	0	0.1862793601	-52.41006732	NAN	
25.5	5.76	-2.15	1	0	0.1598436736	-52.41006732	NAN	
25.6	5.755	-2.15	1	0	0.1590597372	-52.21396821	NAN	
25.7	5.75	-2.15	1	0	0.1937782238	-52.0178691	NAN	
25.8	5.745	-2.15	1	0	0.3202342892	-51.82176999	NAN	
25.9	5.745	-2.15	1	0	0.3986853396	-51.82176999	NAN	
26	5.74	-2.15	1	0	0.4524930939	-51.62567088	NAN	
26.1	5.735	-2.15	1	0	0.6140439724	-51.42957177	NAN	
26.2	5.735	-2.15	1	0	0.680624713	-51.42957177	NAN	
26.3	5.73	-2.15	1	0	0.6415995636	-51.23347266	NAN	
26.4	5.725	-2.15	1	0	0.6105735009	-51.03737355	NAN	
26.5	5.72	-2.15	1	0	0.5444263036	-50.84127444	NAN	
26.6	5.715	-2.15	1	0	0.4639504284	-50.64517533	NAN	
26.7	5.715	-2.15	1	0	0.3421257079	-50.64517533	NAN	
26.8	5.71	-2.15	1	0	0.29	-50.44907622	NAN	
26.9	5.71	-2.15	1	0	0.3626982217	-50.44907622	NAN	
27	5.705	-2.15	1	0	0.4301743832	-50.25297711	NAN	
27.1	5.7	-2.15	1	0	0.5391196528	-50.056878	NAN	
27.2	5.695	-2.15	1	0	0.5799137867	-49.86077889	NAN	
27.3	5.69	-2.15	1	0	0.5346961754	-49.66467978	NAN	
27.4	5.685	-2.15	1	0	0.5137606447	-49.46858067	NAN	
27.5	5.68	-2.15	1	0	0.4780167361	-49.27248156	NAN	
27.608	5.68	-2.15	1	0	0.4867751021	-49.27248156	NAN	
27.702	5.675	-2.15	1	0	0.5039841267	-49.07638245	NAN	
27.8	5.67	-2.15	1	0	0.5745432969	-48.88028334	NAN	
27.9	5.665	-2.15	1	0	0.6286891124	-48.68418423	NAN	
28	5.665	-2.15	1	0	0.6287288764	-48.68418423	NAN	
28.1	5.66	-2.15	1	0	0.5888548208	-48.48808512	NAN	
28.2	5.655	-2.15	1	0	0.5615603262	-48.29198601	NAN	
28.3	5.65	-2.15	1	0	0.5349299019	-48.0958869	NAN	
28.4	5.65	-2.15	1	0	0.4661544808	-48.0958869	NAN	
28.5	5.645	-2.15	1	0	0.4374357096	-47.89978779	NAN	
28.6	5.64	-2.15	1	0	0.3640054945	-47.70368868	NAN	
28.7	5.635	-2.15	1	0	0.2685144316	-47.50758957	NAN	
28.8	5.63	-2.15	1	0	0.1972308292	-47.31149046	NAN	
28.9	5.625	-2.15	1	0	0.1232882801	-47.11539135	NAN	
29	5.625	-2.15	1	0	0.1019803903	-47.11539135	NAN	
29.1	5.62	-2.15	1	0	0.1394632568	-46.91929224	NAN	
29.2	5.615	-2.15	1	0	0.1754992877	-46.72319313	NAN	
29.3	5.61	-2.15	1	0	0.1967231557	-46.52709402	NAN	
29.4	5.61	-2.15	1	0	0.2253885534	-46.52709402	NAN	
29.5	5.605	-2.15	1	0	0.2882707061	-46.33099491	NAN	
29.6	5.6	-2.15	1	0	0.3570714214	-46.1348958	NAN	
29.7	5.6	-2.15	1	0	0.3833405796	-46.1348958	NAN	
29.8	5.595	-2.15	1	0	0.454917575	-45.93879669	NAN	
29.9	5.59	-2.15	1	0	0.4701595474	-45.74269758	NAN	
30	5.585	-2.15	1	0	0.4293599888	-45.54659847	NAN	
30.1	5.58	-2.15	1	0	0.4294764254	-45.35049936	NAN	
30.2	5.58	-2.15	1	0	0.4584757355	-45.35049936	NAN	
30.3	5.575	-2.15	1	0	0.4202380278	-45.15440025	NAN	
30.4	5.57	-2.15	1	0	0.400312378	-44.95830114	NAN	
30.5	5.57	-2.15	1	0	0.3555980877	-44.95830114	NAN	
30.6	5.565	-2.15	1	0	0.3928740256	-44.76220203	NAN	
30.7	5.56	-2.15	1	0	0.4500555521	-44.56610292	NAN	
30.8	5.555	-2.15	1	0	0.5073953094	-44.37000381	NAN	
30.9	5.555	-2.15	1	0	0.6070420084	-44.37000381	NAN	
31	5.555	-2.15	1	0	0.7102112362	-44.37000381	NAN	
31.1	5.55	-2.15	1	0	0.7313343968	-44.1739047	NAN	
31.2	5.545	-2.15	1	0	0.714352854	-43.97780559	NAN	
31.3	5.54	-2.15	1	0	0.7273582336	-43.78170648	NAN	
31.4	5.54	-2.15	1	0	0.7548840971	-43.78170648	NAN	
31.5	5.53	-2.15	1	0	0.7492663078	-43.38950826	NAN	
31.6	5.525	-2.15	1	0	0.692242732	-43.19340915	NAN	
31.7	5.525	-2.15	1	0	0.6716770057	-43.19340915	NAN	
31.8	5.52	-2.15	1	0	0.6642665128	-42.99731004	NAN	
31.9	5.52	-2.15	1	0	0.7166589147	-42.99731004	NAN	
32	5.515	-2.15	1	0	0.7898417563	-42.80121093	NAN	
32.1	5.51	-2.15	1	0	0.8395534527	-42.60511182	NAN	
32.2	5.505	-2.15	1	0	0.8583122975	-42.40901271	NAN	
32.3	5.505	-2.15	1	0	0.8746713669	-42.40901271	NAN	
32.4	5.5	-2.15	1	0	0.8713782187	-42.2129136	NAN	
32.5	5.49	-2.15	1	0	0.86127812	-41.82071538	NAN	
32.6	5.485	-2.15	1	0	0.8157818336	-41.62461627	NAN	
32.7	5.485	-2.15	1	0	0.6867313885	-41.62461627	NAN	
32.8	5.48	-2.15	1	0	0.5287248812	-41.42851716	NAN	
32.9	5.475	-2.15	1	0	0.4378926809	-41.23241805	NAN	
33	5.475	-2.15	1	0	0.3208582241	-41.23241805	NAN	
33.1	5.47	-2.15	1	0	0.279553215	-41.03631894	NAN	
33.2	5.47	-2.15	1	0	0.2575849374	-41.03631894	NAN	
33.3	5.46	-2.15	1	0	0.274226184	-40.64412072	NAN	
33.4	5.46	-2.15	1	0	0.2989983278	-40.64412072	NAN	
33.5	5.455	-2.15	1	0	0.344818793	-40.44802161	NAN	
33.6	5.45	-2.15	1	0	0.3951581962	-40.2519225	NAN	
33.7	5.445	-2.15	1	0	0.4769696007	-40.05582339	NAN	
33.8	5.445	-2.15	1	0	0.5088713	-40.05582339	NAN	
33.9	5.44	-2.15	1	0	0.5497726803	-39.85972428	NAN	
34	5.435	-2.15	1	0	0.5949369715	-39.66362517	NAN	
34.1	5.43	-2.15	1	0	0.6603786792	-39.46752606	NAN	
34.2	5.425	-2.15	1	0	0.6978180279	-39.27142695	NAN	
34.3	5.425	-2.15	1	0	0.7289375831	-39.27142695	NAN	
34.4	5.42	-2.15	1	0	0.742596795	-39.07532784	NAN	
34.5	5.415	-2.15	1	0	0.7742415644	-38.87922873	NAN	
34.6	5.415	-2.15	1	0	0.797025721	-38.87922873	NAN	
34.7	5.41	-2.15	1	0	0.83	-38.68312962	NAN	
34.8	5.405	-2.15	1	0	0.8221313764	-38.48703051	NAN	
34.9	5.4	-2.15	1	0	0.8368990381	-38.2909314	NAN	
35	5.395	-2.15	1	0	0.8396130061	-38.09483229	NAN	
35.1	5.395	-2.15	1	0	0.8369289098	-38.09483229	NAN	
35.2	5.39	-2.15	1	0	0.8171291208	-37.89873318	NAN	
35.3	5.385	-2.15	1	0	0.8190848552	-37.70263407	NAN	
35.4	5.385	-2.15	1	0	0.7987177224	-37.70263407	NAN	
35.5	5.38	-2.15	1	0	0.7937883849	-37.50653496	NAN	
35.6	5.375	-2.15	1	0	0.7541883054	-37.31043585	NAN	
35.7	5.37	-2.15	1	0	0.7204165462	-37.11433674	NAN	
35.8	5.365	-2.15	1	0	0.7513654237	-36.91823763	NAN	
35.9	5.365	-2.15	1	0	0.8086099183	-36.91823763	NAN	
36	5.36	-2.15	1	0	0.8715503428	-36.72213852	NAN	
36.1	5.36	-2.15	1	0	0.9048756821	-36.72213852	NAN	
36.2	5.35	-2.15	1	0	0.9293546148	-36.3299403	NAN	
36.3	5.345	-2.15	1	0	0.9502631215	-36.13384119	NAN	
36.4	5.345	-2.15	1	0	0.9516827202	-36.13384119	NAN	
36.5	5.34	-2.15	1	0	0.9543584232	-35.93774208	NAN	
36.6	5.335	-2.15	1	0	0.9487887015	-35.74164297	NAN	
36.7	5.335	-2.15	1	0	0.9394413233	-35.74164297	NAN	
36.8	5.33	-2.15	1	0	0.9295966867	-35.54554386	NAN	
36.9	5.325	-2.15	1	0	0.9366429416	-35.34944475	NAN	
37	5.325	-2.15	1	0	0.9301343989	-35.34944475	NAN	
37.1	5.32	-2.15	1	0	0.9249594586	-35.15334564	NAN	
37.2	5.315	-2.15	1	0	0.9431065687	-34.95724653	NAN	
37.3	5.315	-2.15	1	0	0.9797193476	-34.95724653	NAN	
37.4	5.31	-2.15	1	0	1.003568632	-34.76114742	NAN	
37.5	5.305	-2.15	1	0	1.012348754	-34.56504831	NAN	
37.6	5.3	-2.15	1	0	1.025256066	-34.3689492	NAN	
37.7	5.295	-2.15	1	0	1.031891467	-34.17285009	NAN	
37.8	5.29	-2.15	1	0	1.041105182	-33.97675098	NAN	
37.9	5.29	-2.15	1	0	1.041513322	-33.97675098	NAN	
38	5.285	-2.15	1	0	1.046470258	-33.78065187	NAN	
38.1	5.28	-2.15	1	0	1.03641208	-33.58455276	NAN	
38.2	5.28	-2.15	1	0	1.026109156	-33.58455276	NAN	
38.3	5.275	-2.15	1	0	1.01535708	-33.38845365	NAN	
38.4	5.27	-2.15	1	0	1.001573762	-33.19235454	NAN	
38.5	5.265	-2.15	1	0	0.9811472876	-32.99625543	NAN	
38.6	5.26	-2.15	1	0	0.9802805721	-32.80015632	NAN	
38.7	5.255	-2.15	1	0	0.9535197953	-32.60405721	NAN	
38.8	5.255	-2.15	1	0	0.958853482	-32.60405721	NAN	
38.9	5.25	-2.15	1	0	0.9646242792	-32.4079581	NAN	
39	5.245	-2.15	1	0	0.9534149149	-32.21185899	NAN	
39.1	5.245	-2.15	1	0	0.9422579265	-32.21185899	NAN	
39.2	5.24	-2.15	1	0	0.9204890005	-32.01575988	NAN	
39.3	5.23	-2.15	1	0	0.9122773701	-31.62356166	NAN	
39.4	5.225	-2.15	1	0	0.9280894353	-31.42746255	NAN	
39.5	5.225	-2.15	1	0	0.934184136	-31.42746255	NAN	
39.6	5.22	-2.15	1	0	0.9421252571	-31.23136344	NAN	
39.7	5.22	-2.15	1	0	0.9484724561	-31.23136344	NAN	
39.8	5.215	-2.15	1	0	0.9580970723	-31.03526433	NAN	
39.9	5.21	-2.15	1	0	0.949947367	-30.83916522	NAN	
40	5.21	-2.15	1	0	0.9416474924	-30.83916522	NAN	
40.1	5.205	-2.15	1	0	0.9284934033	-30.64306611	NAN	
40.2	5.205	-2.15	1	0	0.910961031	-30.64306611	NAN	
40.3	5.195	-2.15	1	0	0.911811384	-30.25086789	NAN	
40.4	5.19	-2.15	1	0	0.9007219327	-30.05476878	NAN	
40.5	5.185	-2.15	1	0	0.8995832368	-29.85866967	NAN	
40.6	5.18	-2.15	1	0	0.9101098835	-29.66257056	NAN	
40.7	5.175	-2.15	1	0	0.939494545	-29.46647145	NAN	
40.8	5.175	-2.15	1	0	0.9488940931	-29.46647145	NAN	
40.9	5.17	-2.15	1	0	0.9720082304	-29.27037234	NAN	
41	5.17	-2.15	1	0	0.9843525791	-29.27037234	NAN	
41.1	5.165	-2.15	1	0	0.9865850191	-29.07427323	NAN	
41.2	5.165	-2.15	1	0	0.9826494797	-29.07427323	NAN	
41.3	5.16	-2.15	1	0	0.9605987716	-28.87817412	NAN	
41.4	5.15	-2.15	1	0	0.9507628516	-28.4859759	NAN	
41.5	5.15	-2.15	1	0	0.9233634171	-28.4859759	NAN	
41.6	5.145	-2.15	1	0	0.9121951546	-28.28987679	NAN	
41.7	5.145	-2.15	1	0	0.9016096716	-28.28987679	NAN	
41.8	5.14	-2.15	1	0	0.8898314447	-28.09377768	NAN	
41.9	5.135	-2.15	1	0	0.8758709951	-27.89767857	NAN	
42	5.13	-2.15	1	0	0.8724104539	-27.70157946	NAN	
42.1	5.13	-2.15	1	0	0.8527309071	-27.70157946	NAN	
42.2	5.125	-2.15	1	0	0.8360921002	-27.50548035	NAN	
42.3	5.115	-2.15	1	0	0.8385403985	-27.11328213	NAN	
42.4	5.115	-2.15	1	0	0.7967747486	-27.11328213	NAN	
42.5	5.11	-2.15	1	0	0.7611504451	-26.91718302	NAN	
42.6	5.11	-2.15	1	0	0.7687977627	-26.91718302	NAN	
42.7	5.105	-2.15	1	0	0.7788452991	-26.72108391	NAN	
42.8	5.1	-2.15	1	0	0.82	-26.5249848	NAN	
42.9	5.09	-2.15	1	0	0.8374962686	-26.13278658	NAN	
43	5.09	-2.15	1	0	0.846433695	-26.13278658	NAN	
43.1	5.09	-2.15	1	0	0.8499411744	-26.13278658	NAN	
43.2	5.085	-2.15	1	0	0.849558709	-25.93668747	NAN	
43.3	5.08	-2.15	1	0	0.8398214096	-25.74058836	NAN	
43.4	5.075	-2.15	1	0	0.84	-25.54448925	NAN	
43.5	5.07	-2.15	1	0	0.8223746105	-25.34839014	NAN	
43.6	5.065	-2.15	1	0	0.7611175993	-25.15229103	NAN	
43.701	5.06	-2.15	1	0	0.6616645676	-24.95619192	NAN	
43.811	5.06	-2.15	1	0	0.5438749856	-24.95619192	NAN	
43.9	5.06	-2.15	1	0	0.4309872388	-24.95619192	NAN	
44	5.055	-2.15	1	0	0.3254228019	-24.76009281	NAN	
44.1	5.045	-2.15	1	0	0.2850438563	-24.36789459	NAN	
44.2	5.04	-2.15	1	0	0.269351072	-24.17179548	NAN	
44.3	5.04	-2.15	1	0	0.2652357442	-24.17179548	NAN	
44.4	5.04	-2.15	1	0	0.2936835031	-24.17179548	NAN	
44.5	5.03	-2.15	1	0	0.3039736831	-23.77959726	NAN	
44.6	5.03	-2.15	1	0	0.3034798181	-23.77959726	NAN	
44.7	5.025	-2.15	1	0	0.3154362059	-23.58349815	NAN	
44.8	5.025	-2.15	1	0	0.3767625247	-23.58349815	NAN	
44.9	5.015	-2.15	1	0	0.3668105778	-23.19129993	NAN	
45	5.01	-2.15	1	0	0.4241462012	-22.99520082	NAN	
45.1	5.01	-2.15	1	0	0.4703721931	-22.99520082	NAN	
45.2	5.01	-2.15	1	0	0.4934571917	-22.99520082	NAN	
45.3	5.01	-2.15	1	0	0.503189825	-22.99520082	NAN	
45.4	5.005	-2.15	1	0	0.5220153254	-22.79910171	NAN	
45.5	5	-2.15	1	0	0.5557877293	-22.6030026	NAN	
45.6	4.99	-2.15	1	0	0.6077417215	-22.21080438	NAN	
45.7	4.99	-2.15	1	0	0.6563535633	-22.21080438	NAN	
45.8	4.985	-2.15	1	0	0.7749193506	-22.01470527	NAN	
45.9	4.98	-2.15	1	0	0.8212186067	-21.81860616	NAN	
46	4.975	-2.15	1	0	0.8326463835	-21.62250705	NAN	
46.1	4.975	-2.15	1	0	0.858690864	-21.62250705	NAN	
46.2	4.975	-2.15	1	0	0.8758995376	-21.62250705	NAN	
46.3	4.975	-2.15	1	0	0.8914033879	-21.62250705	NAN	
46.4	4.97	-2.15	1	0	0.8898033491	-21.42640794	NAN	
46.5	4.965	-2.15	1	0	0.9139201278	-21.23030883	NAN	
46.6	4.96	-2.15	1	0	0.9606508211	-21.03420972	NAN	
46.7	4.955	-2.15	1	0	0.9822677843	-20.83811061	NAN	
46.8	4.945	-2.15	1	0	1.007769815	-20.44591239	NAN	
46.9	4.945	-2.15	1	0	1.030533842	-20.44591239	NAN	
47	4.94	-2.15	1	0	1.045633779	-20.24981328	NAN	
47.1	4.94	-2.15	1	0	1.04995238	-20.24981328	NAN	
47.2	4.935	-2.15	1	0	1.061107912	-20.05371417	NAN	
47.3	4.935	-2.15	1	0	1.057827963	-20.05371417	NAN	
47.4	4.93	-2.15	1	0	1.063672882	-19.85761506	NAN	
47.5	4.925	-2.15	1	0	1.055272477	-19.66151595	NAN	
47.6	4.92	-2.15	1	0	1.059929243	-19.46541684	NAN	
47.7	4.915	-2.15	1	0	1.06995327	-19.26931773	NAN	
47.8	4.915	-2.15	1	0	1.080948657	-19.26931773	NAN	
47.9	4.91	-2.15	1	0	1.081757829	-19.07321862	NAN	
48	4.905	-2.15	1	0	1.092062269	-18.87711951	NAN	
48.1	4.9	-2.15	1	0	1.110382817	-18.6810204	NAN	
48.2	4.895	-2.15	1	0	1.122719912	-18.48492129	NAN	
48.3	4.89	-2.15	1	0	1.138244262	-18.28882218	NAN	
48.4	4.885	-2.15	1	0	1.14910835	-18.09272307	NAN	
48.5	4.885	-2.15	1	0	1.158166655	-18.09272307	NAN	
48.6	4.885	-2.15	1	0	1.161120149	-18.09272307	NAN	
48.7	4.885	-2.15	1	0	1.169978632	-18.09272307	NAN	
48.8	4.88	-2.15	1	0	1.170192292	-17.89662396	NAN	
48.9	4.87	-2.15	1	0	1.170235019	-17.50442574	NAN	
49	4.86	-2.15	1	0	1.172987638	-17.11222752	NAN	
49.1	4.855	-2.15	1	0	1.176414043	-16.91612841	NAN	
49.2	4.85	-2.15	1	0	1.181566756	-16.7200293	NAN	
49.3	4.85	-2.15	1	0	1.18448301	-16.7200293	NAN	
49.4	4.845	-2.15	1	0	1.181249339	-16.52393019	NAN	
49.5	4.845	-2.15	1	0	1.18	-16.52393019	NAN	
49.6	4.845	-2.15	1	0	1.179660968	-16.52393019	NAN	
49.7	4.835	-2.15	1	0	1.178409946	-16.13173197	NAN	
49.8	4.825	-2.15	1	0	1.17	-15.73953375	NAN	
49.9	4.82	-2.15	1	0	1.16376544	-15.54343464	NAN	
50	4.82	-2.15	1	0	1.159784463	-15.54343464	NAN	
50.1	4.82	-2.15	1	0	1.156049307	-15.54343464	NAN	
50.2	4.815	-2.15	1	0	1.149347641	-15.34733553	NAN	
50.3	4.81	-2.15	1	0	1.149760845	-15.15123642	NAN	
50.4	4.805	-2.15	1	0	1.148890769	-14.95513731	NAN	
50.5	4.8	-2.15	1	0	1.148760201	-14.7590382	NAN	
50.6	4.795	-2.15	1	0	1.14758442	-14.56293909	NAN	
50.7	4.79	-2.15	1	0	1.144355714	-14.36683998	NAN	
50.8	4.79	-2.15	1	0	1.14280357	-14.36683998	NAN	
50.9	4.785	-2.15	1	0	1.14	-14.17074087	NAN	
51	4.78	-2.15	1	0	1.130597187	-13.97464176	NAN	
51.1	4.775	-2.15	1	0	1.121427662	-13.77854265	NAN	
51.2	4.765	-2.15	1	0	1.115414721	-13.38634443	NAN	
51.3	4.765	-2.15	1	0	1.109707169	-13.38634443	NAN	
51.4	4.765	-2.15	1	0	1.099840898	-13.38634443	NAN	
51.5	4.76	-2.15	1	0	1.096426012	-13.19024532	NAN	
51.6	4.76	-2.15	1	0	1.09	-13.19024532	NAN	
51.7	4.76	-2.15	1	0	1.083466658	-13.19024532	NAN	
51.8	4.755	-2.15	1	0	1.080069442	-12.99414621	NAN	
51.9	4.74	-2.15	1	0	1.079953703	-12.40584888	NAN	
52	4.735	-2.15	1	0	1.089128092	-12.20974977	NAN	
52.1	4.735	-2.15	1	0	1.079953703	-12.20974977	NAN	
52.2	4.73	-2.15	1	0	1.07974534	-12.01365066	NAN	
52.3	4.735	-2.15	1	0	1.080069442	-12.20974977	NAN	
52.4	4.735	-2.15	1	0	1.086830254	-12.20974977	NAN	
52.5	4.73	-2.15	1	0	1.081041165	-12.01365066	NAN	
52.6	4.72	-2.15	1	0	1.078865144	-11.62145244	NAN	
52.7	4.715	-2.15	1	0	1.069532608	-11.42535333	NAN	
52.8	4.71	-2.15	1	0	1.06329676	-11.22925422	NAN	
52.9	4.71	-2.15	1	0	1.053351793	-11.22925422	NAN	
53	4.705	-2.15	1	0	1.032642242	-11.03315511	NAN	
53.1	4.695	-2.15	1	0	1.02002451	-10.64095689	NAN	
53.2	4.69	-2.15	1	0	0.9810963255	-10.44485778	NAN	
53.3	4.685	-2.15	1	0	0.9741149829	-10.24875867	NAN	
53.4	4.685	-2.15	1	0	0.9356815698	-10.24875867	NAN	
53.5	4.685	-2.15	1	0	0.9137286249	-10.24875867	NAN	
53.6	4.685	-2.15	1	0	0.8735273321	-10.24875867	NAN	
53.7	4.665	-2.15	1	0	0.8510287892	-9.46436223	NAN	
53.8	4.665	-2.15	1	0	0.814002457	-9.46436223	NAN	
53.9	4.665	-2.15	1	0	0.7736924454	-9.46436223	NAN	
54	4.66	-2.15	1	0	0.7225994741	-9.26826312	NAN	
54.1	4.655	-2.15	1	0	0.6582172894	-9.07216401	NAN	
54.2	4.655	-2.15	1	0	0.6036141151	-9.07216401	NAN	
54.3	4.65	-2.15	1	0	0.4651343892	-8.8760649	NAN	
54.4	4.65	-2.15	1	0	0.2653299832	-8.8760649	NAN	
54.5	4.64	-2.15	1	0	0.1615549442	-8.48386668	NAN	
54.6	4.64	-2.15	1	0	0.0738241153	-8.48386668	NAN	
54.7	4.635	-2.15	1	0	0.02645751311	-8.28776757	NAN	
54.8	4.635	-2.15	1	0	0.0561248608	-8.28776757	NAN	
54.9	4.63	-2.15	1	0	0.1607793519	-8.09166846	NAN	
55	4.62	-2.15	1	0	0.2799107	-7.69947024	NAN	
55.1	4.61	-2.15	1	0	0.3985599077	-7.30727202	NAN	
55.2	4.605	-2.15	1	0	0.4903570128	-7.11117291	NAN	
55.3	4.605	-2.15	1	0	0.6746851117	-7.11117291	NAN	
55.4	4.605	-2.15	1	0	0.7872102642	-7.11117291	NAN	
55.5	4.595	-2.15	1	0	0.8946507699	-6.71897469	NAN	
55.6	4.59	-2.15	1	0	0.9167606012	-6.52287558	NAN	
55.7	4.59	-2.15	1	0	0.9405051834	-6.52287558	NAN	
55.8	4.59	-2.15	1	0	0.9549083726	-6.52287558	NAN	
55.9	4.59	-2.15	1	0	0.9534935763	-6.52287558	NAN	
56	4.59	-2.15	1	0	0.9674450889	-6.52287558	NAN	
56.1	4.585	-2.15	1	0	0.9681425515	-6.32677647	NAN	
56.2	4.58	-2.15	1	0	0.9756792506	-6.13067736	NAN	
56.3	4.57	-2.15	1	0	0.9892926766	-5.73847914	NAN	
56.4	4.57	-2.15	1	0	0.9962178477	-5.73847914	NAN	
56.5	4.555	-2.15	1	0	1.018135551	-5.15018181	NAN	
56.6	4.55	-2.15	1	0	1.040096149	-4.9540827	NAN	
56.7	4.55	-2.15	1	0	1.061579013	-4.9540827	NAN	
56.8	4.545	-2.15	1	0	1.076986537	-4.75798359	NAN	
56.9	4.545	-2.15	1	0	1.089265808	-4.75798359	NAN	
57	4.545	-2.15	1	0	1.101385491	-4.75798359	NAN	
57.1	4.545	-2.15	1	0	1.112811754	-4.75798359	NAN	
57.2	4.53	-2.15	1	0	1.129778739	-4.16968626	NAN	
57.3	4.53	-2.15	1	0	1.143459663	-4.16968626	NAN	
57.411	4.525	-2.15	1	0	1.140285052	-3.97358715	NAN	
57.505	4.525	-2.15	1	0	1.149238879	-3.97358715	NAN	
57.6	4.505	-2.15	1	0	1.159935343	-3.18919071	NAN	
57.7	4.505	-2.15	1	0	1.170235019	-3.18919071	NAN	
57.8	4.505	-2.15	1	0	1.180360115	-3.18919071	NAN	
57.9	4.505	-2.15	1	0	1.189894953	-3.18919071	NAN	
58	4.5	-2.15	1	0	1.194382686	-2.9930916	NAN	
58.1	4.5	-2.15	1	0	1.198165264	-2.9930916	NAN	
58.2	4.495	-2.15	1	0	1.19722596	-2.79699249	NAN	
58.3	4.475	-2.15	1	0	1.199854158	-2.01259605	NAN	
58.4	4.475	-2.15	1	0	1.204325537	-2.01259605	NAN	
58.5	4.47	-2.15	1	0	1.211796187	-1.81649694	NAN	
58.6	4.47	-2.15	1	0	1.220757961	-1.81649694	NAN	
58.7	4.47	-2.15	1	0	1.225948612	-1.81649694	NAN	
58.8	4.465	-2.15	1	0	1.229878043	-1.62039783	NAN	
58.9	4.465	-2.15	1	0	1.228962977	-1.62039783	NAN	
59	4.465	-2.15	1	0	1.23	-1.62039783	NAN	
59.1	4.46	-2.15	1	0	1.229125706	-1.42429872	NAN	
59.2	4.455	-2.15	1	0	1.231909088	-1.22819961	NAN	
59.3	4.445	-2.15	1	0	1.239979839	-0.83600139	NAN	
59.4	4.435	-2.15	1	0	1.242195637	-0.44380317	NAN	
59.5	4.43	-2.15	1	0	1.239838699	-0.24770406	NAN	
59.6	4.43	-2.15	1	0	1.234787431	-0.24770406	NAN	
59.7	4.43	-2.15	1	0	1.231482846	-0.24770406	NAN	
59.8	4.43	-2.15	1	0	1.223315168	-0.24770406	NAN	
59.9	4.42	-2.15	1	0	1.222640585	0.14449416	NAN	
60	4.415	-2.15	1	0	1.217189385	0.34059327	NAN	
60.1	4.405	-2.15	1	0	1.208221834	0.73279149	NAN	
60.2	4.405	-2.15	1	0	1.198499061	0.73279149	NAN	
60.3	4.4	-2.15	1	0	1.19839476	0.9288906	NAN	
60.4	4.4	-2.15	1	0	1.199958333	0.9288906	NAN	
60.5	4.4	-2.15	1	0	1.200062498	0.9288906	NAN	
60.6	4.4	-2.15	1	0	1.206254534	0.9288906	NAN	
60.7	4.38	-2.15	1	0	1.20931799	1.71328704	NAN	
60.8	4.38	-2.15	1	0	1.20573629	1.71328704	NAN	
60.9	4.38	-2.15	1	0	1.200062498	1.71328704	NAN	
61	4.38	-2.15	1	0	1.194361754	1.71328704	NAN	
61.1	4.38	-2.15	1	0	1.187813117	1.71328704	NAN	
61.2	4.38	-2.15	1	0	1.181778321	1.71328704	NAN	
61.3	4.375	-2.15	1	0	1.182285921	1.90938615	NAN	
61.4	4.355	-2.15	1	0	1.184187485	2.69378259	NAN	
61.505	4.355	-2.15	1	0	1.177879451	2.69378259	NAN	
61.615	4.35	-2.15	1	0	1.166318996	2.8898817	NAN	
61.7	4.345	-2.15	1	0	1.154664453	3.08598081	NAN	
61.8	4.34	-2.15	1	0	1.140964504	3.28207992	NAN	
61.9	4.335	-2.15	1	0	1.131392947	3.47817903	NAN	
62	4.335	-2.15	1	0	1.124077399	3.47817903	NAN	
62.1	4.33	-2.15	1	0	1.121204709	3.67427814	NAN	
62.2	4.33	-2.15	1	0	1.12	3.67427814	NAN	
62.3	4.32	-2.15	1	0	1.11067547	4.06647636	NAN	
62.4	4.315	-2.15	1	0	1.105870698	4.26257547	NAN	
62.5	4.315	-2.15	1	0	1.098453458	4.26257547	NAN	
62.6	4.31	-2.15	1	0	1.082566395	4.45867458	NAN	
62.7	4.31	-2.15	1	0	1.070747403	4.45867458	NAN	
62.8	4.31	-2.15	1	0	1.059905656	4.45867458	NAN	
62.9	4.3	-2.15	1	0	1.044341898	4.8508728	NAN	
63	4.295	-2.15	1	0	1.030266956	5.04697191	NAN	
63.1	4.29	-2.15	1	0	1.018454712	5.24307102	NAN	
63.2	4.285	-2.15	1	0	1.001723515	5.43917013	NAN	
63.3	4.28	-2.15	1	0	0.9632756615	5.63526924	NAN	
63.4	4.28	-2.15	1	0	0.9345854696	5.63526924	NAN	
63.5	4.275	-2.15	1	0	0.8995832368	5.83136835	NAN	
63.6	4.27	-2.15	1	0	0.8617424209	6.02746746	NAN	
63.7	4.27	-2.15	1	0	0.8604940441	6.02746746	NAN	
63.8	4.265	-2.15	1	0	0.8122499615	6.22356657	NAN	
63.9	4.26	-2.15	1	0	0.7630858405	6.41966568	NAN	
64	4.255	-2.15	1	0	0.6802573043	6.61576479	NAN	
64.1	4.255	-2.15	1	0	0.6276543635	6.61576479	NAN	
64.2	4.255	-2.15	1	0	0.5633826408	6.61576479	NAN	
64.3	4.25	-2.15	1	0	0.5179768335	6.8118639	NAN	
64.4	4.245	-2.15	1	0	0.4543676925	7.00796301	NAN	
64.5	4.23	-2.15	1	0	0.4366921112	7.59626034	NAN	
64.6	4.23	-2.15	1	0	0.4232611487	7.59626034	NAN	
64.7	4.225	-2.15	1	0	0.4165933269	7.79235945	NAN	
64.8	4.225	-2.15	1	0	0.4175523919	7.79235945	NAN	
64.9	4.215	-2.15	1	0	0.5435071297	8.18455767	NAN	
65	4.215	-2.15	1	0	0.710739052	8.18455767	NAN	
65.1	4.215	-2.15	1	0	0.7700324668	8.18455767	NAN	
65.2	4.215	-2.15	1	0	0.8481745103	8.18455767	NAN	
65.3	4.21	-2.15	1	0	0.9147404003	8.38065678	NAN	
65.4	4.2	-2.15	1	0	0.9521029356	8.772855	NAN	
65.5	4.195	-2.15	1	0	0.9815294188	8.96895411	NAN	
65.6	4.19	-2.15	1	0	1.00059982	9.16505322	NAN	
65.7	4.185	-2.15	1	0	1.025280449	9.36115233	NAN	
65.8	4.18	-2.15	1	0	1.05446669	9.55725144	NAN	
65.9	4.18	-2.15	1	0	1.072800075	9.55725144	NAN	
66	4.175	-2.15	1	0	1.08376658	9.75335055	NAN	
66.1	4.17	-2.15	1	0	1.095376648	9.94944966	NAN	
66.2	4.165	-2.15	1	0	1.119843739	10.14554877	NAN	
66.3	4.165	-2.15	1	0	1.139429682	10.14554877	NAN	
66.4	4.16	-2.15	1	0	1.155162326	10.34164788	NAN	
66.5	4.155	-2.15	1	0	1.163120802	10.53774699	NAN	
66.6	4.155	-2.15	1	0	1.169593947	10.53774699	NAN	
66.7	4.15	-2.15	1	0	1.162497312	10.7338461	NAN	
66.8	4.145	-2.15	1	0	1.167240335	10.92994521	NAN	
66.9	4.14	-2.15	1	0	1.168995295	11.12604432	NAN	
67	4.135	-2.15	1	0	1.173903744	11.32214343	NAN	
67.1	4.135	-2.15	1	0	1.171388066	11.32214343	NAN	
67.2	4.13	-2.15	1	0	1.179660968	11.51824254	NAN	
67.3	4.125	-2.15	1	0	1.179936439	11.71434165	NAN	
67.4	4.125	-2.15	1	0	1.180042372	11.71434165	NAN	
67.5	4.115	-2.15	1	0	1.180910666	12.10653987	NAN	
67.6	4.11	-2.15	1	0	1.187834164	12.30263898	NAN	
67.7	4.11	-2.15	1	0	1.189957982	12.30263898	NAN	
67.8	4.11	-2.15	1	0	1.189978991	12.30263898	NAN	
67.9	4.11	-2.15	1	0	1.190210065	12.30263898	NAN	
68	4.105	-2.15	1	0	1.19584698	12.49873809	NAN	
68.1	4.095	-2.15	1	0	1.1980818	12.89093631	NAN	
68.2	4.09	-2.15	1	0	1.192182872	13.08703542	NAN	
68.3	4.085	-2.15	1	0	1.191784376	13.28313453	NAN	
68.4	4.08	-2.15	1	0	1.19	13.47923364	NAN	
68.5	4.075	-2.15	1	0	1.198186129	13.67533275	NAN	
68.6	4.07	-2.15	1	0	1.201956738	13.87143186	NAN	
68.7	4.065	-2.15	1	0	1.199479054	14.06753097	NAN	
68.8	4.06	-2.15	1	0	1.198519921	14.26363008	NAN	
68.9	4.06	-2.15	1	0	1.20052072	14.26363008	NAN	
69	4.055	-2.15	1	0	1.198353036	14.45972919	NAN	
69.1	4.055	-2.15	1	0	1.190210065	14.45972919	NAN	
69.2	4.05	-2.15	1	0	1.190462095	14.6558283	NAN	
69.3	4.045	-2.15	1	0	1.189138344	14.85192741	NAN	
69.412	4.04	-2.15	1	0	1.186991997	15.04802652	NAN	
69.505	4.035	-2.15	1	0	1.180910666	15.24412563	NAN	
69.607	4.035	-2.15	1	0	1.17940663	15.24412563	NAN	
69.7	4.03	-2.15	1	0	1.181249339	15.44022474	NAN	
69.8	4.025	-2.15	1	0	1.189264479	15.63632385	NAN	
69.9	4.02	-2.15	1	0	1.189852932	15.83242296	NAN	
70	4.015	-2.15	1	0	1.189978991	16.02852207	NAN	
70.1	4.01	-2.15	1	0	1.184103036	16.22462118	NAN	
70.2	4.01	-2.15	1	0	1.180381294	16.22462118	NAN	
70.3	4.005	-2.15	1	0	1.180021186	16.42072029	NAN	
70.4	4	-2.15	1	0	1.17940663	16.6168194	NAN	
70.5	3.995	-2.15	1	0	1.174350885	16.81291851	NAN	
70.6	3.99	-2.15	1	0	1.171750827	17.00901762	NAN	
70.7	3.985	-2.15	1	0	1.168931136	17.20511673	NAN	
70.805	3.985	-2.15	1	0	1.159849128	17.20511673	NAN	
70.914	3.985	-2.15	1	0	1.159935343	17.20511673	NAN	
71	3.975	-2.15	1	0	1.151086443	17.59731495	NAN	
71.1	3.975	-2.15	1	0	1.149565135	17.59731495	NAN	
71.2	3.97	-2.15	1	0	1.146538268	17.79341406	NAN	
71.3	3.96	-2.15	1	0	1.142015762	18.18561228	NAN	
71.4	3.96	-2.15	1	0	1.14	18.18561228	NAN	
71.5	3.955	-2.15	1	0	1.132784181	18.38171139	NAN	
71.6	3.955	-2.15	1	0	1.131039345	18.38171139	NAN	
71.7	3.95	-2.15	1	0	1.128472419	18.5778105	NAN	
71.8	3.945	-2.15	1	0	1.137321415	18.77390961	NAN	
71.9	3.945	-2.15	1	0	1.139188308	18.77390961	NAN	
72	3.935	-2.15	1	0	1.14736655	19.16610783	NAN	
72.1	3.93	-2.15	1	0	1.157259694	19.36220694	NAN	
72.2	3.925	-2.15	1	0	1.149956521	19.55830605	NAN	
72.3	3.925	-2.15	1	0	1.141468353	19.55830605	NAN	
72.4	3.92	-2.15	1	0	1.139034679	19.75440516	NAN	
72.5	3.915	-2.15	1	0	1.140065788	19.95050427	NAN	
72.6	3.91	-2.15	1	0	1.130575075	20.14660338	NAN	
72.7	3.91	-2.15	1	0	1.121873433	20.14660338	NAN	
72.8	3.905	-2.15	1	0	1.108738021	20.34270249	NAN	
72.9	3.9	-2.15	1	0	1.091787525	20.5388016	NAN	
73	3.895	-2.15	1	0	1.074848827	20.73490071	NAN	
73.1	3.89	-2.15	1	0	1.06465957	20.93099982	NAN	
73.2	3.89	-2.15	1	0	1.062026365	20.93099982	NAN	
73.3	3.885	-2.15	1	0	1.059386615	21.12709893	NAN	
73.4	3.88	-2.15	1	0	1.050166653	21.32319804	NAN	
73.5	3.875	-2.15	1	0	1.036990839	21.51929715	NAN	
73.6	3.875	-2.15	1	0	1.019901956	21.51929715	NAN	
73.7	3.87	-2.15	1	0	1.002447006	21.71539626	NAN	
73.8	3.865	-2.15	1	0	0.9792854538	21.91149537	NAN	
73.9	3.86	-2.15	1	0	0.9481824719	22.10759448	NAN	
74	3.86	-2.15	1	0	0.920271699	22.10759448	NAN	
74.1	3.855	-2.15	1	0	0.8815043959	22.30369359	NAN	
74.2	3.855	-2.15	1	0	0.8188711742	22.30369359	NAN	
74.3	3.85	-2.15	1	0	0.7465252842	22.4997927	NAN	
74.4	3.845	-2.15	1	0	0.7644932962	22.69589181	NAN	
74.5	3.845	-2.15	1	0	0.7640680598	22.69589181	NAN	
74.6	3.84	-2.15	1	0	0.7180877384	22.89199092	NAN	
74.7	3.835	-2.15	1	0	0.6915562161	23.08809003	NAN	
74.8	3.83	-2.15	1	0	0.5958187644	23.28418914	NAN	
74.9	3.825	-2.15	1	0	0.6031169041	23.48028825	NAN	
75	3.82	-2.15	1	0	0.5365165421	23.67638736	NAN	
75.1	3.815	-2.15	1	0	0.523115666	23.87248647	NAN	
75.2	3.815	-2.15	1	0	0.5409251335	23.87248647	NAN	
75.3	3.81	-2.15	1	0	0.5839092395	24.06858558	NAN	
75.4	3.805	-2.15	1	0	0.4638426457	24.26468469	NAN	
75.5	3.8	-2.15	1	0	0.5397221507	24.4607838	NAN	
75.6	3.795	-2.15	1	0	0.5920726307	24.65688291	NAN	
75.7	3.79	-2.15	1	0	0.6193141368	24.85298202	NAN	
75.8	3.79	-2.15	1	0	0.7797756087	24.85298202	NAN	
75.9	3.785	-2.15	1	0	0.8462269199	25.04908113	NAN	
76	3.78	-2.15	1	0	0.8796874445	25.24518024	NAN	
76.1	3.775	-2.15	1	0	0.9130717387	25.44127935	NAN	
76.2	3.77	-2.15	1	0	0.9377366368	25.63737846	NAN	
76.3	3.765	-2.15	1	0	0.9485778829	25.83347757	NAN	
76.406	3.765	-2.15	1	0	0.9495525262	25.83347757	NAN	
76.515	3.76	-2.15	1	0	0.9511834734	26.02957668	NAN	
76.6	3.755	-2.15	1	0	0.960104161	26.22567579	NAN	
76.7	3.755	-2.15	1	0	0.962626615	26.22567579	NAN	
76.8	3.75	-2.15	1	0	0.9682458366	26.4217749	NAN	
76.9	3.745	-2.15	1	0	0.9707471349	26.61787401	NAN	
77	3.74	-2.15	1	0	0.9697422338	26.81397312	NAN	
77.1	3.735	-2.15	1	0	0.9641317337	27.01007223	NAN	
77.2	3.73	-2.15	1	0	0.9685298137	27.20617134	NAN	
77.3	3.73	-2.15	1	0	0.9711591013	27.20617134	NAN	
77.4	3.725	-2.15	1	0	0.9697164534	27.40227045	NAN	
77.5	3.72	-2.15	1	0	0.9762171889	27.59836956	NAN	
77.6	3.715	-2.15	1	0	0.9698969017	27.79446867	NAN	
77.7	3.715	-2.15	1	0	0.9765244493	27.79446867	NAN	
77.8	3.71	-2.15	1	0	0.9904796818	27.99056778	NAN	
77.9	3.705	-2.15	1	0	1.003468983	28.18666689	NAN	
78	3.7	-2.15	1	0	1.018577439	28.382766	NAN	
78.1	3.7	-2.15	1	0	1.019901956	28.382766	NAN	
78.2	3.695	-2.15	1	0	1.032618032	28.57886511	NAN	
78.3	3.69	-2.15	1	0	1.04424614	28.77496422	NAN	
78.4	3.685	-2.15	1	0	1.07352224	28.97106333	NAN	
78.5	3.685	-2.15	1	0	1.085633456	28.97106333	NAN	
78.6	3.68	-2.15	1	0	1.098248606	29.16716244	NAN	
78.7	3.68	-2.15	1	0	1.099931816	29.16716244	NAN	
78.8	3.68	-2.15	1	0	1.10059075	29.16716244	NAN	
78.9	3.675	-2.15	1	0	1.080694221	29.36326155	NAN	
79	3.67	-2.15	1	0	1.088117641	29.55936066	NAN	
79.1	3.67	-2.15	1	0	1.087704004	29.55936066	NAN	
79.2	3.665	-2.15	1	0	1.084942395	29.75545977	NAN	
79.3	3.66	-2.15	1	0	1.089518242	29.95155888	NAN	
79.4	3.655	-2.15	1	0	1.089724736	30.14765799	NAN	
79.5	3.65	-2.15	1	0	1.085978821	30.3437571	NAN	
79.6	3.65	-2.15	1	0	1.090229334	30.3437571	NAN	
79.7	3.645	-2.15	1	0	1.09792987	30.53985621	NAN	
79.8	3.635	-2.15	1	0	1.099977272	30.93205443	NAN	
79.9	3.635	-2.15	1	0	1.098134782	30.93205443	NAN	
80	3.635	-2.15	1	0	1.087129247	30.93205443	NAN	
80.1	3.635	-2.15	1	0	1.069368973	30.93205443	NAN	
80.2	3.62	-2.15	1	0	1.051665346	31.52035176	NAN	
80.3	3.615	-2.15	1	0	1.029465881	31.71645087	NAN	
80.4	3.61	-2.15	1	0	1.005982107	31.91254998	NAN	
80.5	3.605	-2.15	1	0	0.9823441352	32.10864909	NAN	
80.6	3.6	-2.15	1	0	0.9670056877	32.3047482	NAN	
80.7	3.6	-2.15	1	0	0.9334613008	32.3047482	NAN	
80.8	3.6	-2.15	1	0	0.8864818103	32.3047482	NAN	
80.9	3.59	-2.15	1	0	0.8947625383	32.69694642	NAN	
81	3.585	-2.15	1	0	0.9020254985	32.89304553	NAN	
81.1	3.58	-2.15	1	0	0.8806531667	33.08914464	NAN	
81.21	3.575	-2.15	1	0	0.8578752823	33.28524375	NAN	
81.304	3.57	-2.15	1	0	0.8172514913	33.48134286	NAN	
81.403	3.565	-2.15	1	0	0.7529276194	33.67744197	NAN	
81.5	3.565	-2.15	1	0	0.7308556629	33.67744197	NAN	
81.6	3.56	-2.15	1	0	0.6536436338	33.87354108	NAN	
81.7	3.56	-2.15	1	0	0.7117935094	33.87354108	NAN	
81.8	3.55	-2.15	1	0	0.686658576	34.2657393	NAN	
81.9	3.55	-2.15	1	0	0.7437069315	34.2657393	NAN	
82	3.545	-2.15	1	0	0.7734985456	34.46183841	NAN	
82.1	3.54	-2.15	1	0	0.7764341569	34.65793752	NAN	
82.2	3.535	-2.15	1	0	0.7525622898	34.85403663	NAN	
82.3	3.53	-2.15	1	0	0.6843244844	35.05013574	NAN	
82.4	3.53	-2.15	1	0	0.6248199741	35.05013574	NAN	
82.5	3.525	-2.15	1	0	0.5976621119	35.24623485	NAN	
82.6	3.52	-2.15	1	0	0.5355837936	35.44233396	NAN	
82.7	3.52	-2.15	1	0	0.5105878964	35.44233396	NAN	
82.8	3.515	-2.15	1	0	0.4784871994	35.63843307	NAN	
82.9	3.51	-2.15	1	0	0.5433231083	35.83453218	NAN	
83	3.505	-2.15	1	0	0.5273992795	36.03063129	NAN	
83.1	3.5	-2.15	1	0	0.6282117477	36.2267304	NAN	
83.2	3.5	-2.15	1	0	0.6200806399	36.2267304	NAN	
83.3	3.495	-2.15	1	0	0.5789214109	36.42282951	NAN	
83.4	3.49	-2.15	1	0	0.5199519209	36.61892862	NAN	
83.5	3.485	-2.15	1	0	0.5157034031	36.81502773	NAN	
83.6	3.48	-2.15	1	0	0.4922905646	37.01112684	NAN	
83.7	3.475	-2.15	1	0	0.47	37.20722595	NAN	
83.8	3.475	-2.15	1	0	0.5131763829	37.20722595	NAN	
83.9	3.47	-2.15	1	0	0.612249949	37.40332506	NAN	
84	3.465	-2.15	1	0	0.7105983394	37.59942417	NAN	
84.1	3.46	-2.15	1	0	0.7261198248	37.79552328	NAN	
84.2	3.46	-2.15	1	0	0.7708761249	37.79552328	NAN	
84.3	3.455	-2.15	1	0	0.7429670248	37.99162239	NAN	
84.4	3.455	-2.15	1	0	0.7606576102	37.99162239	NAN	
84.5	3.45	-2.15	1	0	0.7161703708	38.1877215	NAN	
84.6	3.445	-2.15	1	0	0.7502666193	38.38382061	NAN	
84.7	3.44	-2.15	1	0	0.7139677864	38.57991972	NAN	
84.8	3.44	-2.15	1	0	0.7311634564	38.57991972	NAN	
84.9	3.435	-2.15	1	0	0.8143402237	38.77601883	NAN	
85	3.43	-2.15	1	0	0.8900280894	38.97211794	NAN	
85.1	3.43	-2.15	1	0	0.8846185619	38.97211794	NAN	
85.2	3.42	-2.15	1	0	0.8729261137	39.36431616	NAN	
85.3	3.42	-2.15	1	0	0.8766698352	39.36431616	NAN	
85.4	3.415	-2.15	1	0	0.8785214852	39.56041527	NAN	
85.5	3.415	-2.15	1	0	0.8670640115	39.56041527	NAN	
85.6	3.41	-2.15	1	0	0.8305419917	39.75651438	NAN	
85.7	3.405	-2.15	1	0	0.797057087	39.95261349	NAN	
85.8	3.4	-2.15	1	0	0.8065977932	40.1487126	NAN	
85.9	3.395	-2.15	1	0	0.7596051606	40.34481171	NAN	
86	3.395	-2.15	1	0	0.7626270386	40.34481171	NAN	
86.1	3.39	-2.15	1	0	0.7162052778	40.54091082	NAN	
86.2	3.385	-2.15	1	0	0.6891661628	40.73700993	NAN	
86.3	3.38	-2.15	1	0	0.6191122677	40.93310904	NAN	
86.4	3.375	-2.15	1	0	0.5336197148	41.12920815	NAN	
86.5	3.375	-2.15	1	0	0.5185556865	41.12920815	NAN	
86.6	3.37	-2.15	1	0	0.5581218505	41.32530726	NAN	
86.7	3.365	-2.15	1	0	0.5270199237	41.52140637	NAN	
86.8	3.365	-2.15	1	0	0.5468089246	41.52140637	NAN	
86.9	3.36	-2.15	1	0	0.5315543246	41.71750548	NAN	
87	3.355	-2.15	1	0	0.5779705875	41.91360459	NAN	
87.1	3.35	-2.15	1	0	0.6449030935	42.1097037	NAN	
87.2	3.35	-2.15	1	0	0.6767569726	42.1097037	NAN	
87.3	3.34	-2.15	1	0	0.696383515	42.50190192	NAN	
87.4	3.34	-2.15	1	0	0.6095900262	42.50190192	NAN	
87.5	3.335	-2.15	1	0	0.5542111511	42.69800103	NAN	
87.6	3.33	-2.15	1	0	0.5587933428	42.89410014	NAN	
87.7	3.325	-2.15	1	0	0.5623166368	43.09019925	NAN	
87.8	3.325	-2.15	1	0	0.5388413496	43.09019925	NAN	
87.9	3.32	-2.15	1	0	0.4952272206	43.28629836	NAN	
88	3.315	-2.15	1	0	0.5196633526	43.48239747	NAN	
88.1	3.31	-2.15	1	0	0.5511805512	43.67849658	NAN	
88.2	3.31	-2.15	1	0	0.5271147883	43.67849658	NAN	
88.3	3.305	-2.15	1	0	0.5264503775	43.87459569	NAN	
88.4	3.3	-2.15	1	0	0.5522227811	44.0706948	NAN	
88.5	3.295	-2.15	1	0	0.5389341333	44.26679391	NAN	
88.6	3.29	-2.15	1	0	0.4959838707	44.46289302	NAN	
88.7	3.29	-2.15	1	0	0.60456596	44.46289302	NAN	
88.8	3.285	-2.15	1	0	0.5679348554	44.65899213	NAN	
88.9	3.28	-2.15	1	0	0.6287288764	44.85509124	NAN	
89	3.275	-2.15	1	0	0.6172114711	45.05119035	NAN	
89.1	3.27	-2.15	1	0	0.5703069349	45.24728946	NAN	
89.2	3.27	-2.15	1	0	0.5158972766	45.24728946	NAN	
89.3	3.27	-2.15	1	0	0.5355371136	45.24728946	NAN	
89.415	3.26	-2.15	1	0	0.4957822102	45.63948768	NAN	
89.509	3.255	-2.15	1	0	0.6292853089	45.83558679	NAN	
89.602	3.255	-2.15	1	0	0.5871541535	45.83558679	NAN	
89.7	3.25	-2.15	1	0	0.6998928489	46.0316859	NAN	
89.8	3.245	-2.15	1	0	0.6722350779	46.22778501	NAN	
89.9	3.24	-2.15	1	0	0.612780548	46.42388412	NAN	
90	3.235	-2.15	1	0	0.5979548478	46.61998323	NAN	
90.1	3.23	-2.15	1	0	0.710457599	46.81608234	NAN	
90.2	3.23	-2.15	1	0	0.6841783393	46.81608234	NAN	
90.3	3.225	-2.15	1	0	0.6733498348	47.01218145	NAN	
90.4	3.22	-2.15	1	0	0.6519969325	47.20828056	NAN	
90.5	3.215	-2.15	1	0	0.6421837743	47.40437967	NAN	
90.6	3.215	-2.15	1	0	0.6323369355	47.40437967	NAN	
90.7	3.21	-2.15	1	0	0.6257795139	47.60047878	NAN	
90.8	3.205	-2.15	1	0	0.6294839156	47.79657789	NAN	
90.9	3.2	-2.15	1	0	0.6101639124	47.992677	NAN	
91	3.2	-2.15	1	0	0.613881096	47.992677	NAN	
91.1	3.195	-2.15	1	0	0.5754128952	48.18877611	NAN	
91.2	3.19	-2.15	1	0	0.5217278984	48.38487522	NAN	
91.3	3.185	-2.15	1	0	0.7402026749	48.58097433	NAN	
91.4	3.18	-2.15	1	0	0.7557446659	48.77707344	NAN	
91.5	3.175	-2.15	1	0	0.7197221686	48.97317255	NAN	
91.6	3.175	-2.15	1	0	0.7128814768	48.97317255	NAN	
91.7	3.17	-2.15	1	0	0.6676825593	49.16927166	NAN	
91.8	3.165	-2.15	1	0	0.6978538529	49.36537077	NAN	
91.9	3.165	-2.15	1	0	0.8140638796	49.36537077	NAN	
92	3.16	-2.15	1	0	0.7808969202	49.56146988	NAN	
92.1	3.16	-2.15	1	0	0.6290866395	49.56146988	NAN	
92.2	3.15	-2.15	1	0	0.6487680633	49.9536681	NAN	
92.3	3.145	-2.15	1	0	0.556596802	50.14976721	NAN	
92.4	3.14	-2.15	1	0	0.4890807704	50.34586632	NAN	
92.5	3.135	-2.15	1	0	0.6011239473	50.54196543	NAN	
92.6	3.135	-2.15	1	0	0.6389053138	50.54196543	NAN	
92.7	3.135	-2.15	1	0	0.7379363116	50.54196543	NAN	
92.8	3.13	-2.15	1	0	0.7365799346	50.73806454	NAN	
92.9	3.125	-2.15	1	0	0.7689603371	50.93416365	NAN	
93	3.12	-2.15	1	0	0.7645586962	51.13026276	NAN	
93.1	3.115	-2.15	1	0	0.7930321557	51.32636187	NAN	
93.2	3.115	-2.15	1	0	0.8438305517	51.32636187	NAN	
93.3	3.105	-2.15	1	0	0.8771259887	51.71856009	NAN	
93.4	3.105	-2.15	1	0	0.8708329346	51.71856009	NAN	
93.5	3.1	-2.15	1	0	0.8730979327	51.9146592	NAN	
93.6	3.095	-2.15	1	0	0.8569422384	52.11075831	NAN	
93.7	3.095	-2.15	1	0	0.865130048	52.11075831	NAN	
93.8	3.09	-2.15	1	0	0.8804260332	52.30685742	NAN	
93.9	3.085	-2.15	1	0	0.9012213934	52.50295653	NAN	
94	3.08	-2.15	1	0	0.9180686249	52.69905564	NAN	
94.1	3.08	-2.15	1	0	0.9018591908	52.69905564	NAN	
94.2	3.075	-2.15	1	0	0.854605172	52.89515475	NAN	
94.3	3.07	-2.15	1	0	0.8437120362	53.09125386	NAN	
94.4	3.065	-2.15	1	0	0.8244695264	53.28735297	NAN	
94.5	3.065	-2.15	1	0	0.8528481694	53.28735297	NAN	
94.6	3.065	-2.15	1	0	0.8647543004	53.28735297	NAN	
94.7	3.06	-2.15	1	0	0.7890183775	53.48345208	NAN	
94.8	3.055	-2.15	1	0	0.8033367911	53.67955119	NAN	
94.9	3.05	-2.15	1	0	0.8381527307	53.8756503	NAN	
95	3.045	-2.15	1	0	0.8599418585	54.07174941	NAN	
95.1	3.045	-2.15	1	0	0.8899438185	54.07174941	NAN	
95.2	3.04	-2.15	1	0	0.9141662868	54.26784852	NAN	
95.3	3.04	-2.15	1	0	0.9283318372	54.26784852	NAN	
95.4	3.035	-2.15	1	0	0.9349331527	54.46394763	NAN	
95.5	3.03	-2.15	1	0	0.907827076	54.66004674	NAN	
95.6	3.03	-2.15	1	0	0.8597964875	54.66004674	NAN	
95.7	3.025	-2.15	1	0	0.9163241784	54.85614585	NAN	
95.8	3.015	-2.15	1	0	0.9	55.24834407	NAN	
95.9	3.015	-2.15	1	0	0.8407437184	55.24834407	NAN	
96	3.01	-2.15	1	0	0.8242572414	55.44444318	NAN	
96.1	3.01	-2.15	1	0	0.7816648898	55.44444318	NAN	
96.2	3.005	-2.15	1	0	0.8023403268	55.64054229	NAN	
96.3	3.005	-2.15	1	0	0.8577878526	55.64054229	NAN	
96.4	3	-2.15	1	0	0.8781514676	55.8366414	NAN	
96.5	2.995	-2.15	1	0	0.8383913167	56.03274051	NAN	
96.6	2.99	-2.15	1	0	0.8280700453	56.22883962	NAN	
96.71	2.985	-2.15	1	0	0.7757576941	56.42493873	NAN	
96.803	2.985	-2.15	1	0	0.6654321904	56.42493873	NAN	
96.9	2.98	-2.15	1	0	0.5798275606	56.62103784	NAN	
97	2.98	-2.15	1	0	0.4626013402	56.62103784	NAN	
97.1	2.975	-2.15	1	0	0.4878524367	56.81713695	NAN	
97.2	2.965	-2.15	1	0	0.4265559752	57.20933517	NAN	
97.3	2.965	-2.15	1	0	0.4698403984	57.20933517	NAN	
97.4	2.96	-2.15	1	0	0.5412023651	57.40543428	NAN	
97.5	2.955	-2.15	1	0	0.7284229541	57.60153339	NAN	
97.6	2.95	-2.15	1	0	0.8089499366	57.7976325	NAN	
97.7	2.95	-2.15	1	0	0.8189322316	57.7976325	NAN	
97.8	2.94	-2.15	1	0	0.7963039621	58.18983072	NAN	
97.9	2.94	-2.15	1	0	0.8436527722	58.18983072	NAN	
98	2.935	-2.15	1	0	0.8277378812	58.38592983	NAN	
98.1	2.93	-2.15	1	0	0.8396130061	58.58202894	NAN	
98.2	2.925	-2.15	1	0	0.8436231386	58.77812805	NAN	
98.3	2.925	-2.15	1	0	0.8465813605	58.77812805	NAN	
98.4	2.925	-2.15	1	0	0.8182297966	58.77812805	NAN	
98.5	2.915	-2.15	1	0	0.7620367445	59.17032627	NAN	
98.6	2.91	-2.15	1	0	0.6617401303	59.36642538	NAN	
98.7	2.905	-2.15	1	0	0.520096145	59.56252449	NAN	
98.8	2.905	-2.15	1	0	0.3605551275	59.56252449	NAN	
98.9	2.9	-2.15	1	0	0.3459046111	59.7586236	NAN	
99	2.9	-2.15	1	0	0.2587469807	59.7586236	NAN	
99.1	2.895	-2.15	1	0	0.2491987159	59.95472271	NAN	
99.2	2.885	-2.15	1	0	0.2677685568	60.34692093	NAN	
99.3	2.88	-2.15	1	0	0.3303785707	60.54302004	NAN	
99.4	2.88	-2.15	1	0	0.3706750599	60.54302004	NAN	
99.5	2.875	-2.15	1	0	0.3017449254	60.73911915	NAN	
99.6	2.875	-2.15	1	0	0.3768288736	60.73911915	NAN	
99.7	2.87	-2.15	1	0	0.3718198489	60.93521826	NAN	
99.8	2.86	-2.15	1	0	0.3360059523	61.32741648	NAN	
99.9	2.855	-2.15	1	0	0.2808914381	61.52351559	NAN	
100	2.855	-2.15	1	0	0.2170253441	61.52351559	NAN	
100.1	2.85	-2.15	1	0	0.1893409623	61.7196147	NAN	
100.2	2.85	-2.15	1	0	0.2196588264	61.7196147	NAN	
100.3	2.845	-2.15	1	0	0.2103568397	61.91571381	NAN	
100.4	2.845	-2.15	1	0	0.1839836949	61.91571381	NAN	
100.5	2.84	-2.15	1	0	0.195192213	62.11181292	NAN	
100.6	2.835	-2.15	1	0	0.2559296778	62.30791203	NAN	
100.7	2.83	-2.15	1	0	0.2585536695	62.50401114	NAN	
100.8	2.83	-2.15	1	0	0.226715681	62.50401114	NAN	
100.9	2.825	-2.15	1	0	0.1640121947	62.70011025	NAN	
101	2.815	-2.15	1	0	0.31503968	63.09230847	NAN	
101.1	2.815	-2.15	1	0	0.1790251379	63.09230847	NAN	
101.2	2.81	-2.15	1	0	0.05744562647	63.28840758	NAN	
101.3	2.805	-2.15	1	0	0.1428285686	63.48450669	NAN	
101.4	2.8	-2.15	1	0	0.2315167381	63.6806058	NAN	
101.5	2.79	-2.15	1	0	0.1781852968	64.07280402	NAN	
101.6	2.79	-2.15	1	0	0.1122497216	64.07280402	NAN	
101.7	2.79	-2.15	1	0	0.08396427812	64.07280402	NAN	
101.8	2.79	-2.15	1	0	0.08602325267	64.07280402	NAN	
101.9	2.785	-2.15	1	0	0.0916515139	64.26890313	NAN	
102	2.78	-2.15	1	0	0.1031988372	64.46500224	NAN	
102.1	2.775	-2.15	1	0	0.1398213145	64.66110135	NAN	
102.2	2.77	-2.15	1	0	0.1655294536	64.85720046	NAN	
102.3	2.76	-2.15	1	0	0.1764936259	65.24939868	NAN	
102.4	2.755	-2.15	1	0	0.18069311	65.44549779	NAN	
102.5	2.755	-2.15	1	0	0.1734935157	65.44549779	NAN	
102.6	2.755	-2.15	1	0	0.1665833125	65.44549779	NAN	
102.7	2.755	-2.15	1	0	0.05477225575	65.44549779	NAN	
102.8	2.755	-2.15	1	0	0.1155422001	65.44549779	NAN	
102.9	2.745	-2.15	1	0	0.2923183196	65.83769601	NAN	
103	2.74	-2.15	1	0	0.1044030651	66.03379512	NAN	
103.1	2.735	-2.15	1	0	0.164468842	66.22989423	NAN	
103.2	2.73	-2.15	1	0	0.1317193987	66.42599334	NAN	
103.3	2.725	-2.15	1	0	0.147817455	66.62209245	NAN	
103.4	2.725	-2.15	1	0	0.2671142078	66.62209245	NAN	
103.5	2.72	-2.15	1	0	0.355879193	66.81819156	NAN	
103.6	2.715	-2.15	1	0	0.4900510178	67.01429067	NAN	
103.7	2.705	-2.15	1	0	0.6202015801	67.40648889	NAN	
103.8	2.7	-2.15	1	0	0.6796322535	67.602588	NAN	
103.9	2.7	-2.15	1	0	0.6732013072	67.602588	NAN	
104	2.7	-2.15	1	0	0.6343106494	67.602588	NAN	
104.1	2.695	-2.15	1	0	0.5945586598	67.79868711	NAN	
104.2	2.695	-2.15	1	0	0.4983974318	67.79868711	NAN	
104.3	2.69	-2.15	1	0	0.4078602702	67.99478622	NAN	
104.4	2.685	-2.15	1	0	0.2957194617	68.19088533	NAN	
104.5	2.68	-2.15	1	0	0.2365375235	68.38698444	NAN	
104.6	2.67	-2.15	1	0	0.1787456293	68.77918266	NAN	
104.7	2.67	-2.15	1	0	0.08803408431	68.77918266	NAN	
104.8	2.665	-2.15	1	0	0.05744562647	68.97528177	NAN	
104.9	2.66	-2.15	1	0	0.02236067977	69.17138088	NAN	
105	2.66	-2.15	1	0	0.05916079783	69.17138088	NAN	
105.1	2.655	-2.15	1	0	0.2018662924	69.36747999	NAN	
105.2	2.655	-2.15	1	0	0.2854820485	69.36747999	NAN	
105.3	2.65	-2.15	1	0	0.2561249695	69.5635791	NAN	
105.4	2.64	-2.15	1	0	0.178465683	69.95577732	NAN	
105.5	2.635	-2.15	1	0	0.2320560277	70.15187643	NAN	
105.6	2.635	-2.15	1	0	0.235690475	70.15187643	NAN	
105.7	2.63	-2.15	1	0	0.2089258242	70.34797554	NAN	
105.8	2.625	-2.15	1	0	0.1493318452	70.54407465	NAN	
105.9	2.62	-2.15	1	0	0.129614814	70.74017376	NAN	
106	2.62	-2.15	1	0	0.1868154169	70.74017376	NAN	
106.1	2.615	-2.15	1	0	0.1994993734	70.93627287	NAN	
106.2	2.61	-2.15	1	0	0.2521904043	71.13237198	NAN	
106.3	2.61	-2.15	1	0	0.3798683983	71.13237198	NAN	
106.4	2.6	-2.15	1	0	0.4663689527	71.5245702	NAN	
106.5	2.595	-2.15	1	0	0.49979996	71.72066931	NAN	
106.6	2.595	-2.15	1	0	0.465832588	71.72066931	NAN	
106.7	2.59	-2.15	1	0	0.4269660408	71.91676842	NAN	
106.8	2.585	-2.15	1	0	0.5052722039	72.11286753	NAN	
106.9	2.575	-2.15	1	0	0.5502726597	72.50506575	NAN	
107	2.575	-2.15	1	0	0.5366097278	72.50506575	NAN	
107.1	2.57	-2.15	1	0	0.5796981973	72.70116486	NAN	
107.2	2.57	-2.15	1	0	0.5850640991	72.70116486	NAN	
107.3	2.565	-2.15	1	0	0.5713142743	72.89726397	NAN	
107.4	2.565	-2.15	1	0	0.5489990893	72.89726397	NAN	
107.5	2.555	-2.15	1	0	0.5481788029	73.28946219	NAN	
107.6	2.545	-2.15	1	0	0.6313873613	73.68166041	NAN	
107.7	2.545	-2.15	1	0	0.6886581155	73.68166041	NAN	
107.8	2.545	-2.15	1	0	0.6845071219	73.68166041	NAN	
107.9	2.535	-2.15	1	0	0.6464518544	74.07385863	NAN	
108	2.53	-2.15	1	0	0.5541660401	74.26995774	NAN	
108.1	2.525	-2.15	1	0	0.3961691558	74.46605685	NAN	
108.2	2.525	-2.15	1	0	0.4294182111	74.46605685	NAN	
108.3	2.525	-2.15	1	0	0.3704051835	74.46605685	NAN	
108.4	2.52	-2.15	1	0	0.2793743009	74.66215596	NAN	
108.5	2.52	-2.15	1	0	0.2101190139	74.66215596	NAN	
108.6	2.51	-2.15	1	0	0.1426534262	75.05435418	NAN	
108.7	2.51	-2.15	1	0	0.09721111048	75.05435418	NAN	
108.807	2.5	-2.15	1	0	0.08717797887	75.4465524	NAN	
108.901	2.5	-2.15	1	0	0.08860022573	75.4465524	NAN	
109	2.5	-2.15	1	0	0.1354621718	75.4465524	NAN	
109.1	2.495	-2.15	1	0	0.1766352173	75.64265151	NAN	
109.2	2.485	-2.15	1	0	0.242693222	76.03484973	NAN	
109.3	2.485	-2.15	1	0	0.1874833326	76.03484973	NAN	
109.4	2.475	-2.15	1	0	0.1747855829	76.42704795	NAN	
109.5	2.47	-2.15	1	0	0.2092844954	76.62314706	NAN	
109.6	2.47	-2.15	1	0	0.2521904043	76.62314706	NAN	
109.7	2.465	-2.15	1	0	0.3052048492	76.81924617	NAN	
109.8	2.465	-2.15	1	0	0.341101158	76.81924617	NAN	
109.9	2.455	-2.15	1	0	0.353765459	77.21144439	NAN	
110	2.455	-2.15	1	0	0.3391164992	77.21144439	NAN	
110.1	2.45	-2.15	1	0	0.3007490648	77.4075435	NAN	
110.2	2.44	-2.15	1	0	0.2827543103	77.79974172	NAN	
110.3	2.44	-2.15	1	0	0.2517935662	77.79974172	NAN	
110.4	2.44	-2.15	1	0	0.200748599	77.79974172	NAN	
110.5	2.435	-2.15	1	0	0.1607793519	77.99584083	NAN	
110.6	2.435	-2.15	1	0	0.1187434209	77.99584083	NAN	
110.7	2.425	-2.15	1	0	0.2148255106	78.38803905	NAN	
110.8	2.42	-2.15	1	0	0.2437211521	78.58413816	NAN	
110.9	2.415	-2.15	1	0	0.2887040007	78.78023727	NAN	
111	2.41	-2.15	1	0	0.3652396474	78.97633638	NAN	
111.1	2.41	-2.15	1	0	0.3935098474	78.97633638	NAN	
111.2	2.405	-2.15	1	0	0.3403674485	79.17243549	NAN	
111.3	2.4	-2.15	1	0	0.3600694377	79.3685346	NAN	
111.4	2.4	-2.15	1	0	0.332565783	79.3685346	NAN	
111.5	2.395	-2.15	1	0	0.3410278581	79.56463371	NAN	
111.6	2.39	-2.15	1	0	0.3661966685	79.76073282	NAN	
111.7	2.385	-2.15	1	0	0.3402205167	79.95683193	NAN	
111.8	2.385	-2.15	1	0	0.2999166551	79.95683193	NAN	
111.9	2.38	-2.15	1	0	0.351781182	80.15293104	NAN	
112	2.375	-2.15	1	0	0.4579847159	80.34903015	NAN	
112.1	2.37	-2.15	1	0	0.561337688	80.54512926	NAN	
112.2	2.365	-2.15	1	0	0.6424562242	80.74122837	NAN	
112.3	2.365	-2.15	1	0	0.6615889963	80.74122837	NAN	
112.414	2.35	-2.15	1	0	0.6612866247	81.3295257	NAN	
112.507	2.35	-2.15	1	0	0.6134737158	81.3295257	NAN	
112.6	2.35	-2.15	1	0	0.5697806596	81.3295257	NAN	
112.7	2.345	-2.15	1	0	0.5172523562	81.52562481	NAN	
112.8	2.345	-2.15	1	0	0.4656178691	81.52562481	NAN	
112.9	2.34	-2.15	1	0	0.4224334267	81.72172392	NAN	
113	2.335	-2.15	1	0	0.3633180425	81.91782303	NAN	
113.1	2.325	-2.15	1	0	0.2842534081	82.31002125	NAN	
113.2	2.32	-2.15	1	0	0.1791647287	82.50612036	NAN	
113.3	2.32	-2.15	1	0	0.1396424004	82.50612036	NAN	
113.4	2.315	-2.15	1	0	0.1476482306	82.70221947	NAN	
113.5	2.31	-2.15	1	0	0.1711724277	82.89831858	NAN	
113.6	2.31	-2.15	1	0	0.1809696107	82.89831858	NAN	
113.7	2.305	-2.15	1	0	0.1824828759	83.09441769	NAN	
113.8	2.305	-2.15	1	0	0.1309580085	83.09441769	NAN	
113.9	2.3	-2.15	1	0	0.125499004	83.2905168	NAN	
114	2.29	-2.15	1	0	0.1640121947	83.68271502	NAN	
114.1	2.29	-2.15	1	0	0.03741657387	83.68271502	NAN	
114.2	2.285	-2.15	1	0	0.03240370349	83.87881413	NAN	
114.3	2.28	-2.15	1	0	0.04472135955	84.07491324	NAN	
114.4	2.27	-2.15	1	0	0.08093207028	84.46711146	NAN	
114.5	2.27	-2.15	1	0	0.05291502622	84.46711146	NAN	
114.6	2.27	-2.15	1	0	0.02449489743	84.46711146	NAN	
114.7	2.265	-2.15	1	0	0.04898979486	84.66321057	NAN	
114.8	2.26	-2.15	1	0	0.1337908816	84.85930968	NAN	
114.9	2.255	-2.15	1	0	0.05958187644	85.05540879	NAN	
115	2.255	-2.15	1	0	0.068556546	85.05540879	NAN	
115.1	2.245	-2.15	1	0	0.0790569415	85.44760701	NAN	
115.2	2.245	-2.15	1	0	0.02121320344	85.44760701	NAN	
115.3	2.24	-2.15	1	0	0.02	85.64370612	NAN	
115.4	2.235	-2.15	1	0	0.03	85.83980523	NAN	
115.5	2.23	-2.15	1	0	0.05477225575	86.03590434	NAN	
115.6	2.225	-2.15	1	0	0.07968688725	86.23200345	NAN	
115.7	2.22	-2.15	1	0	0.07280109889	86.42810256	NAN	
115.8	2.22	-2.15	1	0	0.06480740698	86.42810256	NAN	
115.9	2.215	-2.15	1	0	0.03535533906	86.62420167	NAN	
116	2.21	-2.15	1	0	0.1161895004	86.82030078	NAN	
116.1	2.205	-2.15	1	0	0.09797958971	87.01639989	NAN	
116.2	2.2	-2.15	1	0	0.1336038922	87.212499	NAN	
116.3	2.2	-2.15	1	0	0.1178982612	87.212499	NAN	
116.4	2.195	-2.15	1	0	0.1319090596	87.40859811	NAN	
116.5	2.19	-2.15	1	0	0.1508310313	87.60469722	NAN	
116.6	2.18	-2.15	1	0	0.1573213272	87.99689544	NAN	
116.7	2.18	-2.15	1	0	0.137113092	87.99689544	NAN	
116.8	2.175	-2.15	1	0	0.1195826074	88.19299455	NAN	
116.9	2.17	-2.15	1	0	0.1862793601	88.38909366	NAN	
117	2.17	-2.15	1	0	0.1967231557	88.38909366	NAN	
117.1	2.165	-2.15	1	0	0.248394847	88.58519277	NAN	
117.2	2.16	-2.15	1	0	0.2457641145	88.78129188	NAN	
117.3	2.155	-2.15	1	0	0.2362202362	88.97739099	NAN	
117.4	2.15	-2.15	1	0	0.2619160171	89.1734901	NAN	
117.5	2.15	-2.15	1	0	0.3544009029	89.1734901	NAN	
117.6	2.145	-2.15	1	0	0.3445286635	89.36958921	NAN	
117.7	2.14	-2.15	1	0	0.2799107	89.56568832	NAN	
117.8	2.14	-2.15	1	0	0.3095157508	89.56568832	NAN	
117.9	2.13	-2.15	1	0	0.280713377	89.95788654	NAN	
118	2.125	-2.15	0	0	0.2697220792	90.15398565	NAN	
118.1	2.12	-2.15	0	0	0.2819574436	90.35008476	NAN	
118.2	2.12	-2.155	0	0	0.3182766093	90.35008476	NAN	
118.3	2.12	-2.155	0	0	0.308058436	90.35008476	NAN	
118.4	2.12	-2.155	0	0	0.3826225294	90.35008476	NAN	
118.5	2.12	-2.155	0	0	0.3464101615	90.35008476	NAN	
118.6	2.12	-2.155	0	0	0.3962322551	90.35008476	NAN	
118.7	2.12	-2.155	0	0	0.3683748091	90.35008476	NAN	
118.8	2.12	-2.155	0	0	0.3872983346	90.35008476	NAN	
118.9	2.12	-2.155	0	0	0.3778227097	90.35008476	NAN	
119	2.12	-2.155	0	0	0.33	90.35008476	NAN	
119.1	2.12	-2.155	0	0	0.3264199749	90.35008476	NAN	
119.2	2.12	-2.155	0	0	0.3853569774	90.35008476	NAN	
119.3	2.12	-2.155	0	0	0.3944616585	90.35008476	NAN	
119.4	2.12	-2.155	0	0	0.3929376541	90.35008476	NAN	
119.5	2.12	-2.155	0	0	0.3950316443	90.35008476	NAN	
119.6	2.12	-2.155	0	0	0.3822302971	90.35008476	NAN	
119.7	2.12	-2.155	0	0	0.3959797975	90.35008476	NAN	
119.8	2.12	-2.155	0	0	0.387362879	90.35008476	NAN	
119.9	2.12	-2.155	0	0	0.4247940678	90.35008476	NAN	
120	2.12	-2.155	0	0	0.3495711659	90.35008476	NAN	
120.1	2.12	-2.155	0	0	0.326266762	90.35008476	NAN	
120.2	2.12	-2.155	0	0	0.3301514804	90.35008476	NAN	
120.3	2.12	-2.155	0	0	0.3231098884	90.35008476	NAN	
120.4	2.12	-2.155	0	0	0.3301514804	90.35008476	NAN	
120.5	2.12	-2.155	0	0	0.3231098884	90.35008476	NAN	
120.6	2.12	-2.155	0	0	0.3374166564	90.35008476	NAN	
120.7	2.12	-2.155	0	0	0.30975797	90.35008476	NAN	
120.8	2.12	-2.155	0	0	0.334888041	90.35008476	NAN	
120.9	2.12	-2.155	0	0	0.3061862178	90.35008476	NAN	
121	2.12	-2.155	0	0	0.316622804	90.35008476	NAN	
