MIN=0	0	-10	0	0	0	0	0	
MAX=160	10	10	1	1	7	100	5	
SCALE=50	2.5	5	0.5	0.5	5	50	1	
DEC=1	2	2	0	0	2	1	3	
DEF="Time" t / s	"Resistance" R_A1 / k&W	"Voltage" U_B1 / V	"Relay" R_1	"Voltage Source" S_1	"Voltage" U_B2 / V	"ang" ang	"Frequency" f / Hz	
0	2.135	2.155	1	0	0.153622915	89.76178743	NAN	
0.1	2.14	2.155	1	0	0.0938083152	89.56568832	NAN	
0.2	2.14	2.155	1	0	0.1224744871	89.56568832	NAN	
0.3	2.145	2.155	1	0	0.1391042774	89.36958921	NAN	
0.4	2.15	2.155	1	0	0.1051189802	89.1734901	NAN	
0.5	2.15	2.16	1	0	0.06519202405	89.1734901	NAN	
0.6	2.155	2.155	1	0	0.05477225575	88.97739099	NAN	
0.7	2.16	2.16	1	0	0.03674234614	88.78129188	NAN	
0.8	2.165	2.16	1	0	0.02549509757	88.58519277	NAN	
0.9	2.165	2.155	1	0	0.07549834435	88.58519277	NAN	
1	2.17	2.155	1	0	0.06519202405	88.38909366	NAN	
1.1	2.175	2.155	1	0	0.03391164992	88.19299455	NAN	
1.2	2.175	2.155	1	0	0.04582575695	88.19299455	NAN	
1.3	2.18	2.155	1	0	0.06519202405	87.99689544	NAN	
1.4	2.185	2.155	1	0	0.085732141	87.80079633	NAN	
1.5	2.19	2.155	1	0	0.0790569415	87.60469722	NAN	
1.6	2.195	2.155	1	0	0.09027735043	87.40859811	NAN	
1.7	2.195	2.155	1	0	0.1083974169	87.40859811	NAN	
1.8	2.2	2.155	1	0	0.09949874371	87.212499	NAN	
1.9	2.205	2.155	1	0	0.0608276253	87.01639989	NAN	
2	2.215	2.155	1	0	0.07681145748	86.62420167	NAN	
2.1	2.215	2.16	1	0	0.04062019202	86.62420167	NAN	
2.2	2.215	2.155	1	0	0.05385164807	86.62420167	NAN	
2.3	2.22	2.155	1	0	0.07516648189	86.42810256	NAN	
2.4	2.22	2.155	1	0	0.07106335202	86.42810256	NAN	
2.5	2.225	2.16	1	0	0.1539480432	86.23200345	NAN	
2.6	2.23	2.155	1	0	0.1126942767	86.03590434	NAN	
2.7	2.235	2.155	1	0	0.08062257748	85.83980523	NAN	
2.8	2.235	2.155	1	0	0.08154753215	85.83980523	NAN	
2.9	2.24	2.155	1	0	0.1012422837	85.64370612	NAN	
3	2.245	2.155	1	0	0.08544003745	85.44760701	NAN	
3.1	2.245	2.155	1	0	0.08336666	85.44760701	NAN	
3.2	2.25	2.155	1	0	0.1077032961	85.2515079	NAN	
3.3	2.255	2.155	1	0	0.09539392014	85.05540879	NAN	
3.4	2.26	2.16	1	0	0.1142365966	84.85930968	NAN	
3.5	2.265	2.155	1	0	0.1467991826	84.66321057	NAN	
3.6	2.265	2.155	1	0	0.09823441352	84.66321057	NAN	
3.7	2.27	2.155	1	0	0.07	84.46711146	NAN	
3.8	2.27	2.155	1	0	0.09974968672	84.46711146	NAN	
3.9	2.275	2.155	1	0	0.1055935604	84.27101235	NAN	
4	2.28	2.155	1	0	0.1307669683	84.07491324	NAN	
4.1	2.285	2.155	1	0	0.2268259244	83.87881413	NAN	
4.2	2.29	2.155	1	0	0.2505992817	83.68271502	NAN	
4.3	2.295	2.155	1	0	0.3368976106	83.48661591	NAN	
4.4	2.3	2.155	1	0	0.44	83.2905168	NAN	
4.5	2.305	2.155	1	0	0.4205948169	83.09441769	NAN	
4.6	2.305	2.155	1	0	0.5212485012	83.09441769	NAN	
4.7	2.31	2.155	1	0	0.3513545218	82.89831858	NAN	
4.8	2.31	2.16	1	0	0.3869754514	82.89831858	NAN	
4.9	2.315	2.155	1	0	0.2631539473	82.70221947	NAN	
5	2.32	2.155	1	0	0.2921472232	82.50612036	NAN	
5.1	2.32	2.16	1	0	0.288444102	82.50612036	NAN	
5.2	2.32	2.16	1	0	0.3200781155	82.50612036	NAN	
5.3	2.33	2.155	1	0	0.1878829423	82.11392214	NAN	
5.4	2.34	2.155	1	0	0.2989983278	81.72172392	NAN	
5.5	2.345	2.155	1	0	0.1794435844	81.52562481	NAN	
5.6	2.345	2.155	1	0	0.1922238279	81.52562481	NAN	
5.7	2.35	2.155	1	0	0.14	81.3295257	NAN	
5.8	2.35	2.155	1	0	0.1352774926	81.3295257	NAN	
5.9	2.35	2.155	1	0	0.1122497216	81.3295257	NAN	
6	2.355	2.155	1	0	0.09669539803	81.13342659	NAN	
6.1	2.365	2.16	1	0	0.07314369419	80.74122837	NAN	
6.2	2.37	2.155	1	0	0.08185352772	80.54512926	NAN	
6.3	2.375	2.155	1	0	0.0632455532	80.34903015	NAN	
6.4	2.375	2.16	1	0	0.1022252415	80.34903015	NAN	
6.5	2.38	2.155	1	0	0.1093160555	80.15293104	NAN	
6.6	2.385	2.155	1	0	0.1307669683	79.95683193	NAN	
6.7	2.39	2.155	1	0	0.12489996	79.76073282	NAN	
6.8	2.39	2.155	1	0	0.1378404875	79.76073282	NAN	
6.9	2.395	2.155	1	0	0.1240967365	79.56463371	NAN	
7	2.4	2.155	1	0	0.1901315334	79.3685346	NAN	
7.1	2.4	2.155	1	0	0.2166794868	79.3685346	NAN	
7.2	2.405	2.155	1	0	0.2219234102	79.17243549	NAN	
7.3	2.41	2.16	1	0	0.3284813541	78.97633638	NAN	
7.4	2.415	2.155	1	0	0.3438022688	78.78023727	NAN	
7.5	2.415	2.155	1	0	0.4192254763	78.78023727	NAN	
7.6	2.42	2.155	1	0	0.4550824101	78.58413816	NAN	
7.7	2.425	2.155	1	0	0.5512712581	78.38803905	NAN	
7.8	2.43	2.155	1	0	0.5903812328	78.19193994	NAN	
7.9	2.435	2.155	1	0	0.5538050198	77.99584083	NAN	
8	2.44	2.155	1	0	0.5767581816	77.79974172	NAN	
8.1	2.44	2.155	1	0	0.5406939985	77.79974172	NAN	
8.2	2.44	2.16	1	0	0.5290557627	77.79974172	NAN	
8.3	2.445	2.155	1	0	0.5329165038	77.60364261	NAN	
8.4	2.45	2.155	1	0	0.620604544	77.4075435	NAN	
8.5	2.455	2.155	1	0	0.4692014493	77.21144439	NAN	
8.6	2.455	2.16	1	0	0.5023445033	77.21144439	NAN	
8.7	2.46	2.16	1	0	0.4193447269	77.01534528	NAN	
8.8	2.465	2.155	1	0	0.3473470887	76.81924617	NAN	
8.9	2.47	2.155	1	0	0.3813135193	76.62314706	NAN	
9	2.475	2.155	1	0	0.4044131551	76.42704795	NAN	
9.1	2.475	2.155	1	0	0.2248332716	76.42704795	NAN	
9.2	2.48	2.155	1	0	0.2009975124	76.23094884	NAN	
9.3	2.485	2.155	1	0	0.2586503431	76.03484973	NAN	
9.4	2.49	2.155	1	0	0.1309580085	75.83875062	NAN	
9.5	2.49	2.16	1	0	0.1438749457	75.83875062	NAN	
9.6	2.495	2.155	1	0	0.07280109889	75.64265151	NAN	
9.7	2.5	2.155	1	0	0.05916079783	75.4465524	NAN	
9.8	2.5	2.155	1	0	0.07071067812	75.4465524	NAN	
9.9	2.505	2.16	1	0	0.0608276253	75.25045329	NAN	
10	2.51	2.155	1	0	0.08124038405	75.05435418	NAN	
10.1	2.51	2.155	1	0	0.03807886553	75.05435418	NAN	
10.2	2.52	2.155	1	0	0.03872983346	74.66215596	NAN	
10.3	2.525	2.155	1	0	0.02549509757	74.46605685	NAN	
10.4	2.525	2.155	1	0	0.05522680509	74.46605685	NAN	
10.5	2.525	2.155	1	0	0.0316227766	74.46605685	NAN	
10.6	2.53	2.155	1	0	0.06557438524	74.26995774	NAN	
10.7	2.53	2.155	1	0	0.1467991826	74.26995774	NAN	
10.8	2.535	2.16	1	0	0.2348403713	74.07385863	NAN	
10.9	2.545	2.155	1	0	0.3144041984	73.68166041	NAN	
11	2.545	2.155	1	0	0.293428015	73.68166041	NAN	
11.1	2.55	2.16	1	0	0.353765459	73.4855613	NAN	
11.2	2.55	2.155	1	0	0.4316248371	73.4855613	NAN	
11.3	2.555	2.155	1	0	0.7721722606	73.28946219	NAN	
11.4	2.56	2.155	1	0	0.7405741016	73.09336308	NAN	
11.5	2.565	2.155	1	0	0.4896937819	72.89726397	NAN	
11.6	2.57	2.16	1	0	0.7890500618	72.70116486	NAN	
11.7	2.57	2.155	1	0	0.6422227028	72.70116486	NAN	
11.8	2.575	2.155	1	0	0.5182663408	72.50506575	NAN	
11.9	2.58	2.155	1	0	0.5412947441	72.30896664	NAN	
12	2.58	2.155	1	0	0.5251190341	72.30896664	NAN	
12.1	2.585	2.155	1	0	0.4423799272	72.11286753	NAN	
12.2	2.59	2.155	1	0	0.4085339643	71.91676842	NAN	
12.3	2.595	2.155	1	0	0.45254834	71.72066931	NAN	
12.4	2.595	2.155	1	0	0.4140048309	71.72066931	NAN	
12.5	2.605	2.155	1	0	0.4333012809	71.32847109	NAN	
12.6	2.605	2.155	1	0	0.349141805	71.32847109	NAN	
12.7	2.61	2.155	1	0	0.2851315486	71.13237198	NAN	
12.8	2.615	2.155	1	0	0.491934955	70.93627287	NAN	
12.9	2.615	2.16	1	0	0.2450510151	70.93627287	NAN	
13	2.62	2.155	1	0	0.3575611836	70.74017376	NAN	
13.1	2.625	2.155	1	0	0.4099390199	70.54407465	NAN	
13.2	2.63	2.155	1	0	0.409633983	70.34797554	NAN	
13.3	2.63	2.155	1	0	0.4588027899	70.34797554	NAN	
13.4	2.635	2.155	1	0	0.5525848351	70.15187643	NAN	
13.5	2.64	2.155	1	0	0.5089695472	69.95577732	NAN	
13.6	2.64	2.155	1	0	0.5428167278	69.95577732	NAN	
13.7	2.645	2.155	1	0	0.5322123636	69.75967821	NAN	
13.8	2.65	2.155	1	0	0.4295928305	69.5635791	NAN	
13.9	2.655	2.155	1	0	0.4051542916	69.36747999	NAN	
14	2.66	2.155	1	0	0.2853944639	69.17138088	NAN	
14.1	2.66	2.155	1	0	0.236326046	69.17138088	NAN	
14.2	2.665	2.155	1	0	0.1582719179	68.97528177	NAN	
14.3	2.665	2.155	1	0	0.1835755975	68.97528177	NAN	
14.4	2.67	2.155	1	0	0.1901315334	68.77918266	NAN	
14.5	2.675	2.155	1	0	0.185876303	68.58308355	NAN	
14.6	2.675	2.155	1	0	0.3258834147	68.58308355	NAN	
14.7	2.68	2.155	1	0	0.3223352292	68.38698444	NAN	
14.8	2.685	2.155	1	0	0.3822956971	68.19088533	NAN	
14.9	2.69	2.155	1	0	0.51623638	67.99478622	NAN	
15	2.695	2.155	1	0	0.49979996	67.79868711	NAN	
15.1	2.7	2.155	1	0	0.5672741841	67.602588	NAN	
15.2	2.7	2.155	1	0	0.5049752469	67.602588	NAN	
15.3	2.705	2.155	1	0	0.3994371039	67.40648889	NAN	
15.4	2.71	2.155	1	0	0.2176005515	67.21038978	NAN	
15.5	2.71	2.155	1	0	0.3655133376	67.21038978	NAN	
15.6	2.715	2.155	1	0	0.2431049156	67.01429067	NAN	
15.7	2.72	2.155	1	0	0.1234908904	66.81819156	NAN	
15.8	2.725	2.155	1	0	0.07968688725	66.62209245	NAN	
15.9	2.725	2.155	1	0	0.1234908904	66.62209245	NAN	
16	2.73	2.155	1	0	0.1609347694	66.42599334	NAN	
16.1	2.735	2.155	1	0	0.2541653005	66.22989423	NAN	
16.2	2.735	2.155	1	0	0.2186321111	66.22989423	NAN	
16.3	2.74	2.155	1	0	0.2588435821	66.03379512	NAN	
16.4	2.745	2.155	1	0	0.3123299537	65.83769601	NAN	
16.5	2.755	2.155	1	0	0.3281005943	65.44549779	NAN	
16.6	2.755	2.155	1	0	0.3738983819	65.44549779	NAN	
16.7	2.755	2.155	1	0	0.3459768778	65.44549779	NAN	
16.8	2.755	2.155	1	0	0.3796050579	65.44549779	NAN	
16.9	2.76	2.155	1	0	0.406571027	65.24939868	NAN	
17	2.765	2.155	1	0	0.3466266002	65.05329957	NAN	
17.1	2.765	2.155	1	0	0.3134485604	65.05329957	NAN	
17.2	2.775	2.155	1	0	0.3136080356	64.66110135	NAN	
17.3	2.78	2.155	1	0	0.38249183	64.46500224	NAN	
17.4	2.785	2.155	1	0	0.3238054972	64.26890313	NAN	
17.5	2.79	2.155	1	0	0.3516390195	64.07280402	NAN	
17.6	2.79	2.155	1	0	0.3295451411	64.07280402	NAN	
17.7	2.79	2.155	1	0	0.4161129654	64.07280402	NAN	
17.8	2.8	2.155	1	0	0.450555213	63.6806058	NAN	
17.9	2.8	2.155	1	0	0.5073460358	63.6806058	NAN	
18	2.805	2.155	1	0	0.590677577	63.48450669	NAN	
18.1	2.805	2.155	1	0	0.7003570518	63.48450669	NAN	
18.2	2.81	2.155	1	0	0.7623319487	63.28840758	NAN	
18.3	2.815	2.155	1	0	0.766093989	63.09230847	NAN	
18.4	2.815	2.155	1	0	0.7412152184	63.09230847	NAN	
18.5	2.82	2.155	1	0	0.615913955	62.89620936	NAN	
18.6	2.825	2.155	1	0	0.6758698099	62.70011025	NAN	
18.7	2.825	2.155	1	0	0.5398610932	62.70011025	NAN	
18.8	2.835	2.155	1	0	0.5421715596	62.30791203	NAN	
18.9	2.84	2.155	1	0	0.509754843	62.11181292	NAN	
19	2.845	2.155	1	0	0.4971418309	61.91571381	NAN	
19.1	2.845	2.155	1	0	0.4636809248	61.91571381	NAN	
19.2	2.85	2.155	1	0	0.3405877273	61.7196147	NAN	
19.3	2.855	2.155	1	0	0.3327160952	61.52351559	NAN	
19.4	2.855	2.155	1	0	0.3760983914	61.52351559	NAN	
19.5	2.86	2.16	1	0	0.4146082488	61.32741648	NAN	
19.6	2.86	2.155	1	0	0.5775378775	61.32741648	NAN	
19.7	2.865	2.155	1	0	0.5222068556	61.13131737	NAN	
19.8	2.87	2.155	1	0	0.5234500931	60.93521826	NAN	
19.9	2.875	2.155	1	0	0.6243796922	60.73911915	NAN	
20	2.875	2.155	1	0	0.5291975057	60.73911915	NAN	
20.1	2.88	2.155	1	0	0.6828982355	60.54302004	NAN	
20.2	2.885	2.16	1	0	0.667757441	60.34692093	NAN	
20.3	2.89	2.155	1	0	0.5820223363	60.15082182	NAN	
20.4	2.9	2.155	1	0	0.4483302354	59.7586236	NAN	
20.5	2.9	2.155	1	0	0.503189825	59.7586236	NAN	
20.6	2.905	2.155	1	0	0.344818793	59.56252449	NAN	
20.7	2.905	2.155	1	0	0.4063865155	59.56252449	NAN	
20.8	2.905	2.16	1	0	0.4357751714	59.56252449	NAN	
20.9	2.915	2.155	1	0	0.2371708245	59.17032627	NAN	
21	2.915	2.155	1	0	0.2289104628	59.17032627	NAN	
21.1	2.92	2.155	1	0	0.1462873884	58.97422716	NAN	
21.2	2.925	2.155	1	0	0.286966897	58.77812805	NAN	
21.3	2.925	2.155	1	0	0.3356337289	58.77812805	NAN	
21.4	2.93	2.155	1	0	0.4117644958	58.58202894	NAN	
21.5	2.93	2.16	1	0	0.3515679166	58.58202894	NAN	
21.6	2.94	2.16	1	0	0.5527657732	58.18983072	NAN	
21.7	2.94	2.155	1	0	0.7158561308	58.18983072	NAN	
21.8	2.945	2.155	1	0	0.8110487038	57.99373161	NAN	
21.9	2.95	2.155	1	0	0.8664871609	57.7976325	NAN	
22	2.955	2.155	1	0	0.84044631	57.60153339	NAN	
22.1	2.96	2.155	1	0	0.8628151598	57.40543428	NAN	
22.2	2.96	2.155	1	0	0.8129575635	57.40543428	NAN	
22.3	2.965	2.155	1	0	0.7613146524	57.20933517	NAN	
22.4	2.965	2.155	1	0	0.66170235	57.20933517	NAN	
22.5	2.97	2.155	1	0	0.5801723882	57.01323606	NAN	
22.6	2.975	2.155	1	0	0.5271147883	56.81713695	NAN	
22.7	2.98	2.155	1	0	0.4198809355	56.62103784	NAN	
22.8	2.98	2.155	1	0	0.3421257079	56.62103784	NAN	
22.9	2.985	2.155	1	0	0.3112073264	56.42493873	NAN	
23	2.99	2.155	1	0	0.1534600925	56.22883962	NAN	
23.1	2.99	2.155	1	0	0.2189748844	56.22883962	NAN	
23.2	2.995	2.155	1	0	0.198871818	56.03274051	NAN	
23.3	3	2.155	1	0	0.1322875656	55.8366414	NAN	
23.4	3.005	2.155	1	0	0.09300537619	55.64054229	NAN	
23.5	3.005	2.155	1	0	0.1046422477	55.64054229	NAN	
23.6	3.01	2.155	1	0	0.1689674525	55.44444318	NAN	
23.7	3.01	2.155	1	0	0.2607680962	55.44444318	NAN	
23.8	3.015	2.155	1	0	0.3769615365	55.24834407	NAN	
23.9	3.015	2.155	1	0	0.2167948339	55.24834407	NAN	
24	3.025	2.155	1	0	0.2800892715	54.85614585	NAN	
24.1	3.035	2.155	1	0	0.2172556098	54.46394763	NAN	
24.2	3.04	2.16	1	0	0.2374868417	54.26784852	NAN	
24.3	3.04	2.155	1	0	0.2198863343	54.26784852	NAN	
24.4	3.04	2.155	1	0	0.24	54.26784852	NAN	
24.5	3.04	2.16	1	0	0.2031009601	54.26784852	NAN	
24.6	3.045	2.155	1	0	0.2701851217	54.07174941	NAN	
24.7	3.045	2.155	1	0	0.3975550276	54.07174941	NAN	
24.8	3.05	2.155	1	0	0.5819793811	53.8756503	NAN	
24.9	3.055	2.16	1	0	0.6910137481	53.67955119	NAN	
25	3.065	2.155	1	0	0.7800640999	53.28735297	NAN	
25.1	3.065	2.155	1	0	0.8192374503	53.28735297	NAN	
25.2	3.065	2.155	1	0	0.7698376452	53.28735297	NAN	
25.3	3.07	2.155	1	0	0.7935993952	53.09125386	NAN	
25.4	3.07	2.155	1	0	0.7666811593	53.09125386	NAN	
25.5	3.08	2.155	1	0	0.7158212067	52.69905564	NAN	
25.6	3.08	2.155	1	0	0.6689917787	52.69905564	NAN	
25.7	3.085	2.155	1	0	0.6008327554	52.50295653	NAN	
25.8	3.09	2.155	1	0	0.6425729531	52.30685742	NAN	
25.9	3.09	2.155	1	0	0.6555913361	52.30685742	NAN	
26	3.095	2.155	1	0	0.512249939	52.11075831	NAN	
26.1	3.095	2.155	1	0	0.4048456496	52.11075831	NAN	
26.2	3.1	2.155	1	0	0.4155117327	51.9146592	NAN	
26.3	3.105	2.155	1	0	0.4303486958	51.71856009	NAN	
26.4	3.105	2.155	1	0	0.4648117899	51.71856009	NAN	
26.5	3.11	2.155	1	0	0.4026785318	51.52246098	NAN	
26.6	3.115	2.155	1	0	0.3791437722	51.32636187	NAN	
26.7	3.12	2.155	1	0	0.2699073915	51.13026276	NAN	
26.8	3.125	2.155	1	0	0.1933907961	50.93416365	NAN	
26.9	3.13	2.155	1	0	0.147478812	50.73806454	NAN	
27	3.135	2.155	1	0	0.1206233808	50.54196543	NAN	
27.1	3.135	2.155	1	0	0.03	50.54196543	NAN	
27.2	3.14	2.155	1	0	0.068556546	50.34586632	NAN	
27.3	3.14	2.155	1	0	0.04847679857	50.34586632	NAN	
27.4	3.14	2.155	1	0	0.0331662479	50.34586632	NAN	
27.5	3.145	2.155	1	0	0.09327379053	50.14976721	NAN	
27.6	3.15	2.155	1	0	0.1268857754	49.9536681	NAN	
27.7	3.155	2.155	1	0	0.1029563014	49.75756899	NAN	
27.8	3.165	2.155	1	0	0.07348469228	49.36537077	NAN	
27.9	3.165	2.16	1	0	0.0474341649	49.36537077	NAN	
28	3.165	2.155	1	0	0.04	49.36537077	NAN	
28.1	3.17	2.155	1	0	0.03937003937	49.16927166	NAN	
28.2	3.175	2.155	1	0	0.03	48.97317255	NAN	
28.3	3.18	2.155	1	0	0.04636809248	48.77707344	NAN	
28.4	3.185	2.155	1	0	0.08660254038	48.58097433	NAN	
28.5	3.185	2.155	1	0	0.1369306394	48.58097433	NAN	
28.6	3.19	2.155	1	0	0.1893409623	48.38487522	NAN	
28.7	3.195	2.155	1	0	0.1974841766	48.18877611	NAN	
28.8	3.2	2.155	1	0	0.1794435844	47.992677	NAN	
28.9	3.2	2.155	1	0	0.161245155	47.992677	NAN	
29	3.205	2.155	1	0	0.1428285686	47.79657789	NAN	
29.1	3.21	2.155	1	0	0.1503329638	47.60047878	NAN	
29.2	3.21	2.155	1	0	0.1727715254	47.60047878	NAN	
29.3	3.215	2.155	1	0	0.1894729532	47.40437967	NAN	
29.4	3.22	2.155	1	0	0.181934054	47.20828056	NAN	
29.5	3.23	2.155	1	0	0.1417744688	46.81608234	NAN	
29.6	3.23	2.155	1	0	0.17	46.81608234	NAN	
29.7	3.23	2.155	1	0	0.2018662924	46.81608234	NAN	
29.8	3.235	2.16	1	0	0.2394786003	46.61998323	NAN	
29.9	3.24	2.155	1	0	0.2031009601	46.42388412	NAN	
30	3.24	2.155	1	0	0.1218605761	46.42388412	NAN	
30.1	3.245	2.155	1	0	0.1002496883	46.22778501	NAN	
30.2	3.25	2.155	1	0	0.1311487705	46.0316859	NAN	
30.3	3.255	2.155	1	0	0.196468827	45.83558679	NAN	
30.4	3.26	2.155	1	0	0.219089023	45.63948768	NAN	
30.5	3.265	2.155	1	0	0.1845264209	45.44338857	NAN	
30.6	3.265	2.155	1	0	0.1997498436	45.44338857	NAN	
30.7	3.27	2.155	1	0	0.2101190139	45.24728946	NAN	
30.8	3.275	2.155	1	0	0.2314087293	45.05119035	NAN	
30.9	3.28	2.155	1	0	0.2826658805	44.85509124	NAN	
31	3.285	2.155	1	0	0.297237279	44.65899213	NAN	
31.1	3.285	2.155	1	0	0.2682349716	44.65899213	NAN	
31.2	3.29	2.155	1	0	0.2147091055	44.46289302	NAN	
31.3	3.29	2.16	1	0	0.220113607	44.46289302	NAN	
31.4	3.295	2.155	1	0	0.1776231967	44.26679391	NAN	
31.5	3.3	2.155	1	0	0.1305756486	44.0706948	NAN	
31.6	3.3	2.155	1	0	0.09460443964	44.0706948	NAN	
31.7	3.305	2.155	1	0	0.09082951062	43.87459569	NAN	
31.8	3.31	2.155	1	0	0.153622915	43.67849658	NAN	
31.9	3.315	2.155	1	0	0.1959591794	43.48239747	NAN	
32	3.32	2.16	1	0	0.2	43.28629836	NAN	
32.1	3.325	2.155	1	0	0.2089258242	43.09019925	NAN	
32.2	3.325	2.155	1	0	0.2021138293	43.09019925	NAN	
32.3	3.33	2.155	1	0	0.2808914381	42.89410014	NAN	
32.4	3.335	2.155	1	0	0.24989998	42.69800103	NAN	
32.5	3.34	2.155	1	0	0.2210203611	42.50190192	NAN	
32.6	3.34	2.16	1	0	0.1650757402	42.50190192	NAN	
32.7	3.345	2.16	1	0	0.1320984481	42.30580281	NAN	
32.8	3.35	2.155	1	0	0.11	42.1097037	NAN	
32.9	3.355	2.155	1	0	0.1539480432	41.91360459	NAN	
33	3.355	2.155	1	0	0.2817800561	41.91360459	NAN	
33.1	3.36	2.155	1	0	0.2994160984	41.71750548	NAN	
33.2	3.365	2.155	1	0	0.3505709629	41.52140637	NAN	
33.3	3.365	2.155	1	0	0.3287095983	41.52140637	NAN	
33.4	3.37	2.155	1	0	0.2639128644	41.32530726	NAN	
33.5	3.375	2.155	1	0	0.2293468988	41.12920815	NAN	
33.6	3.38	2.155	1	0	0.1861451047	40.93310904	NAN	
33.7	3.38	2.155	1	0	0.1997498436	40.93310904	NAN	
33.8	3.385	2.155	1	0	0.2581666129	40.73700993	NAN	
33.9	3.39	2.16	1	0	0.220113607	40.54091082	NAN	
34	3.395	2.155	1	0	0.2860069929	40.34481171	NAN	
34.1	3.395	2.155	1	0	0.4087786687	40.34481171	NAN	
34.2	3.4	2.155	1	0	0.5183628073	40.1487126	NAN	
34.3	3.4	2.155	1	0	0.5195671275	40.1487126	NAN	
34.4	3.41	2.155	1	0	0.4925951685	39.75651438	NAN	
34.5	3.41	2.155	1	0	0.5161879503	39.75651438	NAN	
34.6	3.415	2.155	1	0	0.6303570417	39.56041527	NAN	
34.7	3.42	2.155	1	0	0.7212142539	39.36431616	NAN	
34.8	3.425	2.155	1	0	0.7403039916	39.16821705	NAN	
34.9	3.43	2.155	1	0	0.738410455	38.97211794	NAN	
35	3.43	2.155	1	0	0.7137226352	38.97211794	NAN	
35.1	3.435	2.155	1	0	0.705478561	38.77601883	NAN	
35.2	3.44	2.155	1	0	0.639100931	38.57991972	NAN	
35.3	3.44	2.155	1	0	0.5366097278	38.57991972	NAN	
35.4	3.445	2.155	1	0	0.5794393842	38.38382061	NAN	
35.5	3.445	2.155	1	0	0.468294779	38.38382061	NAN	
35.6	3.45	2.155	1	0	0.4597281806	38.1877215	NAN	
35.7	3.455	2.155	1	0	0.5192783454	37.99162239	NAN	
35.8	3.46	2.155	1	0	0.39	37.79552328	NAN	
35.9	3.46	2.155	1	0	0.49844759	37.79552328	NAN	
36	3.465	2.155	1	0	0.4483859944	37.59942417	NAN	
36.1	3.47	2.155	1	0	0.457383865	37.40332506	NAN	
36.2	3.47	2.155	1	0	0.577754273	37.40332506	NAN	
36.3	3.475	2.155	1	0	0.6054750201	37.20722595	NAN	
36.4	3.475	2.155	1	0	0.7011775809	37.20722595	NAN	
36.5	3.48	2.155	1	0	0.771977979	37.01112684	NAN	
36.6	3.485	2.155	1	0	0.7627253765	36.81502773	NAN	
36.7	3.49	2.155	1	0	0.7720103626	36.61892862	NAN	
36.8	3.495	2.155	1	0	0.8251060538	36.42282951	NAN	
36.9	3.495	2.155	1	0	0.8563585698	36.42282951	NAN	
37	3.5	2.16	1	0	0.8521736912	36.2267304	NAN	
37.1	3.505	2.155	1	0	0.8630179604	36.03063129	NAN	
37.2	3.51	2.155	1	0	0.8813625815	35.83453218	NAN	
37.3	3.515	2.155	1	0	0.8892412496	35.63843307	NAN	
37.4	3.515	2.155	1	0	0.9110433579	35.63843307	NAN	
37.5	3.52	2.16	1	0	0.9311014982	35.44233396	NAN	
37.6	3.525	2.155	1	0	0.9523392253	35.24623485	NAN	
37.7	3.525	2.155	1	0	0.9751922887	35.24623485	NAN	
37.8	3.53	2.155	1	0	1.021298193	35.05013574	NAN	
37.9	3.53	2.16	1	0	1.039374812	35.05013574	NAN	
38	3.535	2.155	1	0	1.067450233	34.85403663	NAN	
38.1	3.545	2.155	1	0	1.08	34.46183841	NAN	
38.2	3.55	2.155	1	0	1.089954127	34.2657393	NAN	
38.3	3.55	2.155	1	0	1.10833208	34.2657393	NAN	
38.4	3.555	2.155	1	0	1.114607554	34.06964019	NAN	
38.5	3.56	2.155	1	0	1.120066962	33.87354108	NAN	
38.6	3.565	2.155	1	0	1.100227249	33.67744197	NAN	
38.7	3.565	2.155	1	0	1.09904504	33.67744197	NAN	
38.8	3.57	2.155	1	0	1.099818167	33.48134286	NAN	
38.9	3.575	2.155	1	0	1.102814581	33.28524375	NAN	
39	3.575	2.155	1	0	1.096562812	33.28524375	NAN	
39.1	3.58	2.155	1	0	1.103879522	33.08914464	NAN	
39.2	3.585	2.155	1	0	1.088898526	32.89304553	NAN	
39.3	3.59	2.155	1	0	1.075662587	32.69694642	NAN	
39.4	3.6	2.155	1	0	1.053470455	32.3047482	NAN	
39.5	3.6	2.155	1	0	1.040240357	32.3047482	NAN	
39.6	3.6	2.16	1	0	1.038652974	32.3047482	NAN	
39.7	3.6	2.155	1	0	1.02046558	32.3047482	NAN	
39.8	3.615	2.155	1	0	1.003020438	31.71645087	NAN	
39.9	3.615	2.155	1	0	0.9654532614	31.71645087	NAN	
40	3.62	2.155	1	0	0.9351203131	31.52035176	NAN	
40.1	3.625	2.155	1	0	0.897357231	31.32425265	NAN	
40.2	3.635	2.155	1	0	0.8453105938	30.93205443	NAN	
40.3	3.635	2.155	1	0	0.7910752177	30.93205443	NAN	
40.4	3.635	2.16	1	0	0.7471612945	30.93205443	NAN	
40.5	3.635	2.155	1	0	0.6631741853	30.93205443	NAN	
40.6	3.65	2.155	1	0	0.569912274	30.3437571	NAN	
40.7	3.65	2.155	1	0	0.4752893855	30.3437571	NAN	
40.8	3.65	2.155	1	0	0.4190465368	30.3437571	NAN	
40.9	3.65	2.155	1	0	0.3538361203	30.3437571	NAN	
41.011	3.66	2.16	1	0	0.3497856486	29.95155888	NAN	
41.105	3.665	2.155	1	0	0.3579804464	29.75545977	NAN	
41.214	3.67	2.155	1	0	0.4187481343	29.55936066	NAN	
41.3	3.675	2.155	1	0	0.4396020928	29.36326155	NAN	
41.4	3.675	2.155	1	0	0.4624932432	29.36326155	NAN	
41.5	3.68	2.155	1	0	0.4318564576	29.16716244	NAN	
41.6	3.68	2.155	1	0	0.365034245	29.16716244	NAN	
41.7	3.68	2.16	1	0	0.3039736831	29.16716244	NAN	
41.8	3.68	2.155	1	0	0.2236067977	29.16716244	NAN	
41.9	3.685	2.155	1	0	0.109772492	28.97106333	NAN	
42	3.69	2.155	1	0	0.0608276253	28.77496422	NAN	
42.1	3.695	2.16	1	0	0.04636809248	28.57886511	NAN	
42.2	3.695	2.155	1	0	0.1113552873	28.57886511	NAN	
42.3	3.7	2.155	1	0	0.1702938637	28.382766	NAN	
42.4	3.705	2.155	1	0	0.2789265136	28.18666689	NAN	
42.5	3.71	2.155	1	0	0.43	27.99056778	NAN	
42.6	3.71	2.16	1	0	0.4498888752	27.99056778	NAN	
42.7	3.715	2.155	1	0	0.476182738	27.79446867	NAN	
42.8	3.72	2.155	1	0	0.5498181518	27.59836956	NAN	
42.9	3.72	2.155	1	0	0.5578082108	27.59836956	NAN	
43	3.725	2.155	1	0	0.5551576353	27.40227045	NAN	
43.1	3.73	2.155	1	0	0.5475399529	27.20617134	NAN	
43.2	3.735	2.155	1	0	0.5476769121	27.01007223	NAN	
43.3	3.735	2.155	1	0	0.5553827509	27.01007223	NAN	
43.4	3.74	2.155	1	0	0.5524490927	26.81397312	NAN	
43.5	3.745	2.155	1	0	0.5084781215	26.61787401	NAN	
43.6	3.75	2.155	1	0	0.4235563717	26.4217749	NAN	
43.7	3.75	2.155	1	0	0.3373425559	26.4217749	NAN	
43.8	3.755	2.155	1	0	0.2716615541	26.22567579	NAN	
43.902	3.76	2.155	1	0	0.1661324773	26.02957668	NAN	
44.011	3.765	2.155	1	0	0.1558845727	25.83347757	NAN	
44.1	3.765	2.155	1	0	0.07449832213	25.83347757	NAN	
44.2	3.77	2.155	1	0	0.06745368782	25.63737846	NAN	
44.3	3.775	2.16	1	0	0.1144552314	25.44127935	NAN	
44.4	3.78	2.155	1	0	0.1815213486	25.24518024	NAN	
44.5	3.785	2.155	1	0	0.2071231518	25.04908113	NAN	
44.605	3.785	2.155	1	0	0.2844292531	25.04908113	NAN	
44.7	3.79	2.155	1	0	0.2880972058	24.85298202	NAN	
44.8	3.79	2.155	1	0	0.2958039892	24.85298202	NAN	
44.9	3.795	2.155	1	0	0.3492849839	24.65688291	NAN	
45	3.8	2.155	1	0	0.3874919354	24.4607838	NAN	
45.1	3.805	2.155	1	0	0.4084727653	24.26468469	NAN	
45.2	3.81	2.155	1	0	0.3720886991	24.06858558	NAN	
45.3	3.815	2.155	1	0	0.3557386681	23.87248647	NAN	
45.4	3.815	2.155	1	0	0.3170961999	23.87248647	NAN	
45.5	3.82	2.155	1	0	0.220113607	23.67638736	NAN	
45.6	3.825	2.16	1	0	0.1450861813	23.48028825	NAN	
45.7	3.83	2.155	1	0	0.1002496883	23.28418914	NAN	
45.8	3.835	2.155	1	0	0.1428285686	23.08809003	NAN	
45.9	3.84	2.155	1	0	0.1655294536	22.89199092	NAN	
46	3.845	2.155	1	0	0.2461706725	22.69589181	NAN	
46.1	3.845	2.16	1	0	0.3151190251	22.69589181	NAN	
46.2	3.85	2.155	1	0	0.3832753579	22.4997927	NAN	
46.3	3.85	2.155	1	0	0.4840970977	22.4997927	NAN	
46.4	3.855	2.155	1	0	0.5555177765	22.30369359	NAN	
46.5	3.86	2.155	1	0	0.6598484675	22.10759448	NAN	
46.6	3.86	2.155	1	0	0.6905070601	22.10759448	NAN	
46.7	3.865	2.155	1	0	0.7109149035	21.91149537	NAN	
46.8	3.87	2.155	1	0	0.719826368	21.71539626	NAN	
46.9	3.875	2.155	1	0	0.7841237147	21.51929715	NAN	
47	3.875	2.155	1	0	0.7848566748	21.51929715	NAN	
47.1	3.88	2.155	1	0	0.7905377916	21.32319804	NAN	
47.2	3.885	2.155	1	0	0.754122006	21.12709893	NAN	
47.3	3.89	2.16	1	0	0.6845071219	20.93099982	NAN	
47.4	3.89	2.155	1	0	0.5936328832	20.93099982	NAN	
47.5	3.895	2.155	1	0	0.4627634385	20.73490071	NAN	
47.6	3.9	2.155	1	0	0.3707424982	20.5388016	NAN	
47.7	3.905	2.155	1	0	0.1949358869	20.34270249	NAN	
47.8	3.905	2.155	1	0	0.05522680509	20.34270249	NAN	
47.9	3.91	2.155	1	0	0.04795831523	20.14660338	NAN	
48	3.915	2.155	1	0	0.1802775638	19.95050427	NAN	
48.1	3.92	2.155	1	0	0.3423448554	19.75440516	NAN	
48.2	3.92	2.155	1	0	0.5819364226	19.75440516	NAN	
48.3	3.925	2.155	1	0	0.8124346128	19.55830605	NAN	
48.4	3.93	2.155	1	0	0.9136739024	19.36220694	NAN	
48.506	3.935	2.155	1	0	0.9895453501	19.16610783	NAN	
48.6	3.94	2.16	1	0	1.029538732	18.97000872	NAN	
48.7	3.945	2.155	1	0	1.073964618	18.77390961	NAN	
48.8	3.945	2.155	1	0	1.09931797	18.77390961	NAN	
48.9	3.95	2.155	1	0	1.135231254	18.5778105	NAN	
49	3.955	2.155	1	0	1.169615321	18.38171139	NAN	
49.1	3.955	2.16	1	0	1.196599348	18.38171139	NAN	
49.2	3.96	2.155	1	0	1.210826164	18.18561228	NAN	
49.3	3.96	2.155	1	0	1.225805857	18.18561228	NAN	
49.4	3.965	2.155	1	0	1.239637044	17.98951317	NAN	
49.5	3.97	2.155	1	0	1.251559028	17.79341406	NAN	
49.6	3.975	2.155	1	0	1.270865847	17.59731495	NAN	
49.7	3.98	2.155	1	0	1.291626881	17.40121584	NAN	
49.8	3.985	2.155	1	0	1.311945121	17.20511673	NAN	
49.9	3.985	2.155	1	0	1.325367873	17.20511673	NAN	
50	3.99	2.155	1	0	1.331146123	17.00901762	NAN	
50.1	3.995	2.155	1	0	1.33972012	16.81291851	NAN	
50.2	4	2.155	1	0	1.340783353	16.6168194	NAN	
50.3	4.005	2.155	1	0	1.345622533	16.42072029	NAN	
50.4	4.005	2.16	1	0	1.348387926	16.42072029	NAN	
50.5	4.01	2.155	1	0	1.345641111	16.22462118	NAN	
50.6	4.01	2.16	1	0	1.340839289	16.22462118	NAN	
50.7	4.015	2.16	1	0	1.339533501	16.02852207	NAN	
50.8	4.02	2.155	1	0	1.339458846	15.83242296	NAN	
50.9	4.025	2.155	1	0	1.330394678	15.63632385	NAN	
51	4.03	2.155	1	0	1.325669642	15.44022474	NAN	
51.1	4.035	2.155	1	0	1.32094663	15.24412563	NAN	
51.2	4.04	2.155	1	0	1.3181047	15.04802652	NAN	
51.3	4.04	2.155	1	0	1.31091571	15.04802652	NAN	
51.4	4.05	2.155	1	0	1.295048262	14.6558283	NAN	
51.5	4.055	2.155	1	0	1.28066389	14.45972919	NAN	
51.6	4.055	2.155	1	0	1.262101422	14.45972919	NAN	
51.7	4.055	2.155	1	0	1.242859606	14.45972919	NAN	
51.8	4.06	2.155	1	0	1.226865926	14.26363008	NAN	
51.9	4.065	2.155	1	0	1.200895499	14.06753097	NAN	
52	4.07	2.16	1	0	1.174265728	13.87143186	NAN	
52.1	4.075	2.16	1	0	1.140153498	13.67533275	NAN	
52.2	4.08	2.155	1	0	1.111777856	13.47923364	NAN	
52.3	4.08	2.16	1	0	1.085518309	13.47923364	NAN	
52.4	4.09	2.155	1	0	1.050095234	13.08703542	NAN	
52.5	4.095	2.16	1	0	1.008538547	12.89093631	NAN	
52.6	4.1	2.155	1	0	0.9549869109	12.6948372	NAN	
52.7	4.105	2.155	1	0	0.9211134566	12.49873809	NAN	
52.8	4.11	2.155	1	0	0.7725930365	12.30263898	NAN	
52.9	4.11	2.155	1	0	0.5248809389	12.30263898	NAN	
53	4.115	2.155	1	0	0.3580502758	12.10653987	NAN	
53.1	4.12	2.155	1	0	0.1563649577	11.91044076	NAN	
53.2	4.125	2.155	1	0	0.1178982612	11.71434165	NAN	
53.306	4.125	2.16	1	0	0.1978635894	11.71434165	NAN	
53.415	4.13	2.155	1	0	0.3463379852	11.51824254	NAN	
53.5	4.135	2.155	1	0	0.4494997219	11.32214343	NAN	
53.6	4.135	2.16	1	0	0.5440588203	11.32214343	NAN	
53.7	4.145	2.155	1	0	0.6446316778	10.92994521	NAN	
53.8	4.15	2.155	1	0	0.8121268374	10.7338461	NAN	
53.9	4.15	2.155	1	0	0.8898595395	10.7338461	NAN	
54	4.155	2.155	1	0	0.9253918089	10.53774699	NAN	
54.1	4.16	2.16	1	0	0.9351470473	10.34164788	NAN	
54.2	4.16	2.155	1	0	0.9893937538	10.34164788	NAN	
54.3	4.165	2.155	1	0	1.013632083	10.14554877	NAN	
54.4	4.165	2.155	1	0	0.9970456359	10.14554877	NAN	
54.5	4.17	2.155	1	0	1.007248728	9.94944966	NAN	
54.6	4.175	2.155	1	0	1.006677704	9.75335055	NAN	
54.7	4.18	2.155	1	0	1.009158065	9.55725144	NAN	
54.8	4.185	2.155	1	0	0.9917661015	9.36115233	NAN	
54.9	4.19	2.155	1	0	0.9799489783	9.16505322	NAN	
55	4.195	2.155	1	0	0.9582275304	8.96895411	NAN	
55.1	4.2	2.155	1	0	0.9399734039	8.772855	NAN	
55.2	4.205	2.155	1	0	0.9128800578	8.57675589	NAN	
55.3	4.205	2.155	1	0	0.8820430828	8.57675589	NAN	
55.4	4.21	2.155	1	0	0.8478797084	8.38065678	NAN	
55.5	4.215	2.16	1	0	0.8327664739	8.18455767	NAN	
55.6	4.215	2.155	1	0	0.7475961477	8.18455767	NAN	
55.7	4.215	2.16	1	0	0.6240993511	8.18455767	NAN	
55.8	4.225	2.155	1	0	0.4823380557	7.79235945	NAN	
55.9	4.225	2.155	1	0	0.3889730068	7.79235945	NAN	
56	4.23	2.155	1	0	0.4183300133	7.59626034	NAN	
56.1	4.23	2.155	1	0	0.4407947368	7.59626034	NAN	
56.2	4.24	2.155	1	0	0.4662617291	7.20406212	NAN	
56.3	4.245	2.155	1	0	0.5135659646	7.00796301	NAN	
56.4	4.25	2.155	1	0	0.5356304696	6.8118639	NAN	
56.5	4.255	2.155	1	0	0.6068360569	6.61576479	NAN	
56.6	4.255	2.155	1	0	0.6735354482	6.61576479	NAN	
56.7	4.255	2.155	1	0	0.804332021	6.61576479	NAN	
56.8	4.26	2.16	1	0	0.8195730596	6.41966568	NAN	
56.9	4.265	2.155	1	0	0.8337565592	6.22356657	NAN	
57	4.27	2.155	1	0	0.8601453366	6.02746746	NAN	
57.1	4.275	2.16	1	0	0.8665448632	5.83136835	NAN	
57.2	4.275	2.155	1	0	0.8570880935	5.83136835	NAN	
57.3	4.28	2.155	1	0	0.8424666165	5.63526924	NAN	
57.4	4.285	2.155	1	0	0.8396130061	5.43917013	NAN	
57.5	4.29	2.155	1	0	0.788289287	5.24307102	NAN	
57.6	4.295	2.155	1	0	0.6871317195	5.04697191	NAN	
57.7	4.3	2.155	1	0	0.5798706752	4.8508728	NAN	
57.8	4.305	2.155	1	0	0.5079862203	4.65477369	NAN	
57.9	4.31	2.155	1	0	0.3424908758	4.45867458	NAN	
58	4.31	2.16	1	0	0.1860107524	4.45867458	NAN	
58.1	4.315	2.16	1	0	0.07810249676	4.26257547	NAN	
58.2	4.32	2.155	1	0	0.07211102551	4.06647636	NAN	
58.305	4.32	2.16	1	0	0.04123105626	4.06647636	NAN	
58.414	4.33	2.155	1	0	0.4022437072	3.67427814	NAN	
58.5	4.33	2.155	1	0	0.4519402615	3.67427814	NAN	
58.6	4.335	2.155	1	0	0.730992476	3.47817903	NAN	
58.7	4.335	2.155	1	0	0.8443340571	3.47817903	NAN	
58.8	4.335	2.16	1	0	0.9162968951	3.47817903	NAN	
58.9	4.34	2.16	1	0	0.980663041	3.28207992	NAN	
59	4.35	2.155	1	0	1.044892339	2.8898817	NAN	
59.1	4.355	2.155	1	0	1.089311709	2.69378259	NAN	
59.2	4.36	2.155	1	0	1.13238686	2.49768348	NAN	
59.3	4.365	2.155	1	0	1.17158013	2.30158437	NAN	
59.4	4.37	2.155	1	0	1.201852736	2.10548526	NAN	
59.5	4.375	2.155	1	0	1.210289222	1.90938615	NAN	
59.6	4.38	2.155	1	0	1.231969967	1.71328704	NAN	
59.7	4.38	2.155	1	0	1.25990079	1.71328704	NAN	
59.8	4.38	2.155	1	0	1.282224629	1.71328704	NAN	
59.9	4.38	2.155	1	0	1.3041664	1.71328704	NAN	
60	4.39	2.155	1	0	1.319677991	1.32108882	NAN	
60.1	4.4	2.155	1	0	1.332478893	0.9288906	NAN	
60.2	4.4	2.155	1	0	1.340037313	0.9288906	NAN	
60.3	4.4	2.155	1	0	1.348332303	0.9288906	NAN	
60.4	4.405	2.155	1	0	1.358804622	0.73279149	NAN	
60.5	4.405	2.155	1	0	1.360257329	0.73279149	NAN	
60.6	4.41	2.155	1	0	1.364276365	0.53669238	NAN	
60.7	4.415	2.16	1	0	1.364276365	0.34059327	NAN	
60.8	4.425	2.155	1	0	1.362350909	-0.05160495	NAN	
60.9	4.43	2.155	1	0	1.361120862	-0.24770406	NAN	
61	4.43	2.155	1	0	1.36568664	-0.24770406	NAN	
61.1	4.43	2.155	1	0	1.369963503	-0.24770406	NAN	
61.2	4.435	2.155	1	0	1.370127731	-0.44380317	NAN	
61.3	4.44	2.155	1	0	1.369854007	-0.63990228	NAN	
61.4	4.44	2.155	1	0	1.368265325	-0.63990228	NAN	
61.5	4.45	2.16	1	0	1.361488156	-1.0321005	NAN	
61.6	4.455	2.155	1	0	1.36	-1.22819961	NAN	
61.7	4.465	2.155	1	0	1.350833076	-1.62039783	NAN	
61.8	4.465	2.155	1	0	1.346829611	-1.62039783	NAN	
61.9	4.465	2.155	1	0	1.335514882	-1.62039783	NAN	
62	4.47	2.155	1	0	1.326178721	-1.81649694	NAN	
62.1	4.47	2.155	1	0	1.307153396	-1.81649694	NAN	
62.2	4.47	2.16	1	0	1.266747804	-1.81649694	NAN	
62.3	4.475	2.155	1	0	1.252277924	-2.01259605	NAN	
62.4	4.485	2.155	1	0	1.229634092	-2.40479427	NAN	
62.5	4.49	2.155	1	0	1.20944202	-2.60089338	NAN	
62.6	4.495	2.155	1	0	1.192140931	-2.79699249	NAN	
62.7	4.5	2.155	1	0	1.15782123	-2.9930916	NAN	
62.8	4.505	2.155	1	0	1.099431671	-3.18919071	NAN	
62.9	4.505	2.155	1	0	1.046303015	-3.18919071	NAN	
63	4.505	2.155	1	0	0.9979478944	-3.18919071	NAN	
63.1	4.505	2.155	1	0	0.9406646586	-3.18919071	NAN	
63.2	4.51	2.16	1	0	0.8019039843	-3.38528982	NAN	
63.3	4.52	2.155	1	0	0.5678027827	-3.77748804	NAN	
63.4	4.525	2.155	1	0	0.1828934116	-3.97358715	NAN	
63.5	4.53	2.16	1	0	0.3257299495	-4.16968626	NAN	
63.6	4.53	2.155	1	0	0.1262933094	-4.16968626	NAN	
63.7	4.54	2.155	1	0	0.2816025568	-4.56188448	NAN	
63.8	4.545	2.155	1	0	0.4741307836	-4.75798359	NAN	
63.9	4.55	2.155	1	0	0.7505664528	-4.9540827	NAN	
64	4.55	2.155	1	0	0.9624188277	-4.9540827	NAN	
64.1	4.55	2.155	1	0	1.006801867	-4.9540827	NAN	
64.2	4.55	2.155	1	0	1.003718088	-4.9540827	NAN	
64.3	4.555	2.155	1	0	1.045872841	-5.15018181	NAN	
64.4	4.57	2.155	1	0	1.096152362	-5.73847914	NAN	
64.5	4.57	2.16	1	0	1.124899996	-5.73847914	NAN	
64.6	4.575	2.155	1	0	1.12173972	-5.93457825	NAN	
64.7	4.575	2.155	1	0	1.127940601	-5.93457825	NAN	
64.8	4.585	2.155	1	0	1.13483479	-6.32677647	NAN	
64.9	4.59	2.155	1	0	1.130685633	-6.52287558	NAN	
65	4.59	2.155	1	0	1.123432241	-6.52287558	NAN	
65.1	4.59	2.155	1	0	1.102882587	-6.52287558	NAN	
65.2	4.595	2.155	1	0	1.093183425	-6.71897469	NAN	
65.3	4.595	2.16	1	0	1.069883171	-6.71897469	NAN	
65.4	4.605	2.16	1	0	1.009455299	-7.11117291	NAN	
65.5	4.605	2.155	1	0	0.9568437699	-7.11117291	NAN	
65.6	4.61	2.155	1	0	0.9031057524	-7.30727202	NAN	
65.7	4.61	2.16	1	0	0.7416535579	-7.30727202	NAN	
65.8	4.61	2.155	1	0	0.5327288241	-7.30727202	NAN	
65.9	4.62	2.155	1	0	0.4511651582	-7.69947024	NAN	
66	4.625	2.155	1	0	0.4421538194	-7.89556935	NAN	
66.1	4.63	2.155	1	0	0.4309872388	-8.09166846	NAN	
66.2	4.635	2.155	1	0	0.4252646235	-8.28776757	NAN	
66.3	4.635	2.155	1	0	0.3314362684	-8.28776757	NAN	
66.4	4.64	2.155	1	0	0.5044303718	-8.48386668	NAN	
66.5	4.655	2.155	1	0	0.4418710219	-9.07216401	NAN	
66.6	4.655	2.155	1	0	0.5754128952	-9.07216401	NAN	
66.7	4.655	2.16	1	0	0.6364353856	-9.07216401	NAN	
66.8	4.655	2.155	1	0	0.8279492738	-9.07216401	NAN	
66.9	4.665	2.155	1	0	0.7675285011	-9.46436223	NAN	
67	4.665	2.155	1	0	0.7733369253	-9.46436223	NAN	
67.1	4.665	2.16	1	0	0.7457546513	-9.46436223	NAN	
67.2	4.665	2.155	1	0	0.7772387021	-9.46436223	NAN	
67.3	4.67	2.155	1	0	0.7224610716	-9.66046134	NAN	
67.4	4.68	2.16	1	0	0.7302396867	-10.05265956	NAN	
67.5	4.685	2.155	1	0	0.7123903424	-10.24875867	NAN	
67.6	4.685	2.155	1	0	0.6175354241	-10.24875867	NAN	
67.7	4.69	2.155	1	0	0.59325374	-10.44485778	NAN	
67.8	4.69	2.155	1	0	0.4903060269	-10.44485778	NAN	
67.9	4.7	2.155	1	0	0.3760983914	-10.837056	NAN	
68	4.705	2.155	1	0	0.49734294	-11.03315511	NAN	
68.1	4.71	2.155	1	0	0.3315116891	-11.22925422	NAN	
68.2	4.71	2.155	1	0	0.2673948391	-11.22925422	NAN	
68.3	4.71	2.155	1	0	0.1876166304	-11.22925422	NAN	
68.4	4.715	2.16	1	0	0.1181101181	-11.42535333	NAN	
68.5	4.72	2.155	1	0	0.1780449381	-11.62145244	NAN	
68.6	4.735	2.155	1	0	0.4004996879	-12.20974977	NAN	
68.7	4.735	2.155	1	0	0.6834105647	-12.20974977	NAN	
68.8	4.735	2.16	1	0	0.8380930736	-12.20974977	NAN	
68.9	4.735	2.155	1	0	0.8809086218	-12.20974977	NAN	
69	4.735	2.155	1	0	0.9432125953	-12.20974977	NAN	
69.1	4.74	2.155	1	0	0.9618211892	-12.40584888	NAN	
69.2	4.745	2.16	1	0	1.001773427	-12.60194799	NAN	
69.3	4.75	2.155	1	0	1.051094667	-12.7980471	NAN	
69.4	4.765	2.155	1	0	1.097041476	-13.38634443	NAN	
69.5	4.765	2.155	1	0	1.126521194	-13.38634443	NAN	
69.6	4.765	2.16	1	0	1.153061143	-13.38634443	NAN	
69.7	4.765	2.155	1	0	1.170128198	-13.38634443	NAN	
69.8	4.765	2.155	1	0	1.183532847	-13.38634443	NAN	
69.9	4.77	2.16	1	0	1.208490794	-13.58244354	NAN	
70	4.775	2.16	1	0	1.228454313	-13.77854265	NAN	
70.1	4.78	2.155	1	0	1.243824746	-13.97464176	NAN	
70.2	4.79	2.155	1	0	1.260059522	-14.36683998	NAN	
70.3	4.79	2.155	1	0	1.280937157	-14.36683998	NAN	
70.4	4.795	2.16	1	0	1.291665591	-14.56293909	NAN	
70.512	4.8	2.155	1	0	1.302171264	-14.7590382	NAN	
70.605	4.8	2.16	1	0	1.310400702	-14.7590382	NAN	
70.7	4.805	2.155	1	0	1.320927704	-14.95513731	NAN	
70.8	4.815	2.155	1	0	1.328438933	-15.34733553	NAN	
70.9	4.82	2.155	1	0	1.328250729	-15.54343464	NAN	
71	4.82	2.155	1	0	1.321798018	-15.54343464	NAN	
71.1	4.825	2.155	1	0	1.322573249	-15.73953375	NAN	
71.2	4.825	2.155	1	0	1.318673576	-15.73953375	NAN	
71.3	4.825	2.155	1	0	1.310076334	-15.73953375	NAN	
71.4	4.835	2.155	1	0	1.30307329	-16.13173197	NAN	
71.5	4.845	2.155	1	0	1.292690992	-16.52393019	NAN	
71.6	4.845	2.155	1	0	1.282205132	-16.52393019	NAN	
71.7	4.85	2.155	1	0	1.270078738	-16.7200293	NAN	
71.8	4.85	2.155	1	0	1.270157471	-16.7200293	NAN	
71.9	4.855	2.155	1	0	1.259186245	-16.91612841	NAN	
72	4.86	2.155	1	0	1.257099837	-17.11222752	NAN	
72.1	4.865	2.155	1	0	1.240524083	-17.30832663	NAN	
72.2	4.87	2.155	1	0	1.228678152	-17.50442574	NAN	
72.3	4.875	2.155	1	0	1.202060731	-17.70052485	NAN	
72.4	4.875	2.155	1	0	1.195575175	-17.70052485	NAN	
72.5	4.88	2.155	1	0	1.171964163	-17.89662396	NAN	
72.6	4.885	2.155	1	0	1.151585863	-18.09272307	NAN	
72.7	4.89	2.16	1	0	1.116758703	-18.28882218	NAN	
72.8	4.89	2.155	1	0	1.078818799	-18.28882218	NAN	
72.9	4.895	2.16	1	0	1.035712315	-18.48492129	NAN	
73	4.9	2.16	1	0	1.022350234	-18.6810204	NAN	
73.1	4.9	2.155	1	0	1.029125843	-18.6810204	NAN	
73.2	4.91	2.155	1	0	1.020735029	-19.07321862	NAN	
73.3	4.91	2.155	1	0	0.9956656065	-19.07321862	NAN	
73.4	4.915	2.155	1	0	0.9489994731	-19.26931773	NAN	
73.5	4.92	2.155	1	0	0.891599686	-19.46541684	NAN	
73.6	4.925	2.155	1	0	0.7832943253	-19.66151595	NAN	
73.7	4.93	2.155	1	0	0.5635601121	-19.85761506	NAN	
73.8	4.93	2.155	1	0	0.4600543446	-19.85761506	NAN	
73.9	4.935	2.155	1	0	0.2603843313	-20.05371417	NAN	
74	4.94	2.155	1	0	0.189076704	-20.24981328	NAN	
74.1	4.94	2.155	1	0	0.3152776554	-20.24981328	NAN	
74.2	4.94	2.155	1	0	0.533994382	-20.24981328	NAN	
74.3	4.945	2.155	1	0	0.691628513	-20.44591239	NAN	
74.4	4.945	2.155	1	0	0.8063187955	-20.44591239	NAN	
74.5	4.95	2.155	1	0	0.8389576867	-20.6420115	NAN	
74.6	4.96	2.155	1	0	0.8471717653	-21.03420972	NAN	
74.7	4.96	2.155	1	0	0.8559497649	-21.03420972	NAN	
74.8	4.97	2.155	1	0	0.9028565778	-21.42640794	NAN	
74.9	4.97	2.155	1	0	0.9298386957	-21.42640794	NAN	
75	4.975	2.16	1	0	0.9548036447	-21.62250705	NAN	
75.1	4.975	2.16	1	0	0.9718281741	-21.62250705	NAN	
75.2	4.975	2.155	1	0	0.9954898292	-21.62250705	NAN	
75.3	4.985	2.155	1	0	0.9949623108	-22.01470527	NAN	
75.4	4.99	2.155	1	0	1.006329966	-22.21080438	NAN	
75.5	4.99	2.155	1	0	0.9814784766	-22.21080438	NAN	
75.6	4.99	2.155	1	0	0.9744998717	-22.21080438	NAN	
75.7	5	2.155	1	0	0.9591141746	-22.6030026	NAN	
75.8	5.005	2.155	1	0	0.9516301803	-22.79910171	NAN	
75.9	5.01	2.155	1	0	0.9270382948	-22.99520082	NAN	
76	5.01	2.155	1	0	0.8889319434	-22.99520082	NAN	
76.1	5.01	2.155	1	0	0.8921883209	-22.99520082	NAN	
76.2	5.01	2.155	1	0	0.8579627032	-22.99520082	NAN	
76.3	5.015	2.155	1	0	0.7946697427	-23.19129993	NAN	
76.4	5.025	2.16	1	0	0.8086717505	-23.58349815	NAN	
76.508	5.025	2.155	1	0	0.8038656604	-23.58349815	NAN	
76.601	5.03	2.155	1	0	0.6938659813	-23.77959726	NAN	
76.7	5.035	2.155	1	0	0.7237748269	-23.97569637	NAN	
76.8	5.04	2.155	1	0	0.7667789773	-24.17179548	NAN	
76.9	5.04	2.155	1	0	0.6647179853	-24.17179548	NAN	
77	5.045	2.155	1	0	0.5524038378	-24.36789459	NAN	
77.1	5.045	2.155	1	0	0.4440720662	-24.36789459	NAN	
77.2	5.05	2.155	1	0	0.2583602137	-24.5639937	NAN	
77.3	5.055	2.155	1	0	0.2351595203	-24.76009281	NAN	
77.4	5.06	2.155	1	0	0.2918047292	-24.95619192	NAN	
77.5	5.06	2.155	1	0	0.3507135583	-24.95619192	NAN	
77.6	5.065	2.155	1	0	0.346121366	-25.15229103	NAN	
77.7	5.07	2.155	1	0	0.3919821425	-25.34839014	NAN	
77.8	5.075	2.155	1	0	0.4738143096	-25.54448925	NAN	
77.9	5.08	2.155	1	0	0.5387949517	-25.74058836	NAN	
78	5.085	2.155	1	0	0.5943483827	-25.93668747	NAN	
78.1	5.085	2.155	1	0	0.6187487374	-25.93668747	NAN	
78.2	5.09	2.155	1	0	0.6489607076	-26.13278658	NAN	
78.3	5.095	2.155	1	0	0.6686927546	-26.32888569	NAN	
78.4	5.105	2.155	1	0	0.6872408603	-26.72108391	NAN	
78.5	5.105	2.155	1	0	0.6733869616	-26.72108391	NAN	
78.6	5.11	2.155	1	0	0.6674953183	-26.91718302	NAN	
78.7	5.11	2.16	1	0	0.6445153218	-26.91718302	NAN	
78.8	5.115	2.155	1	0	0.6342712354	-27.11328213	NAN	
78.9	5.115	2.155	1	0	0.6530696747	-27.11328213	NAN	
79	5.125	2.155	1	0	0.5838664231	-27.50548035	NAN	
79.1	5.125	2.155	1	0	0.486569625	-27.50548035	NAN	
79.2	5.13	2.155	1	0	0.3880721582	-27.70157946	NAN	
79.3	5.135	2.155	1	0	0.3112876483	-27.89767857	NAN	
79.4	5.14	2.155	1	0	0.1760681686	-28.09377768	NAN	
79.5	5.14	2.155	1	0	0.08031189202	-28.09377768	NAN	
79.6	5.145	2.155	1	0	0.05700877125	-28.28987679	NAN	
79.7	5.15	2.155	1	0	0.1532970972	-28.4859759	NAN	
79.8	5.15	2.155	1	0	0.2713853349	-28.4859759	NAN	
79.9	5.155	2.155	1	0	0.4586392918	-28.68207501	NAN	
80	5.16	2.155	1	0	0.5371219601	-28.87817412	NAN	
80.1	5.165	2.155	1	0	0.7150524456	-29.07427323	NAN	
80.2	5.165	2.155	1	0	0.8271940522	-29.07427323	NAN	
80.3	5.17	2.155	1	0	0.8889319434	-29.27037234	NAN	
80.4	5.175	2.155	1	0	0.9302956519	-29.46647145	NAN	
80.5	5.175	2.155	1	0	0.9619771307	-29.46647145	NAN	
80.6	5.18	2.155	1	0	0.988812419	-29.66257056	NAN	
80.705	5.185	2.155	1	0	1.01424849	-29.85866967	NAN	
80.814	5.19	2.155	1	0	1.010668096	-30.05476878	NAN	
80.9	5.195	2.155	1	0	1.011137973	-30.25086789	NAN	
81	5.205	2.155	1	0	1.015381702	-30.64306611	NAN	
81.1	5.205	2.155	1	0	1.02662067	-30.64306611	NAN	
81.2	5.205	2.155	1	0	1.039374812	-30.64306611	NAN	
81.3	5.21	2.155	1	0	1.050190459	-30.83916522	NAN	
81.4	5.215	2.155	1	0	1.059528197	-31.03526433	NAN	
81.5	5.215	2.155	1	0	1.060518741	-31.03526433	NAN	
81.6	5.22	2.155	1	0	1.058749262	-31.23136344	NAN	
81.7	5.225	2.155	1	0	1.059929243	-31.42746255	NAN	
81.8	5.23	2.155	1	0	1.060165081	-31.62356166	NAN	
81.9	5.23	2.155	1	0	1.068129206	-31.62356166	NAN	
82	5.235	2.155	1	0	1.078378412	-31.81966077	NAN	
82.1	5.24	2.155	1	0	1.080925529	-32.01575988	NAN	
82.2	5.245	2.155	1	0	1.091695928	-32.21185899	NAN	
82.3	5.25	2.155	1	0	1.096654002	-32.4079581	NAN	
82.4	5.25	2.155	1	0	1.098976797	-32.4079581	NAN	
82.5	5.255	2.155	1	0	1.100795167	-32.60405721	NAN	
82.6	5.26	2.155	1	0	1.103585067	-32.80015632	NAN	
82.7	5.26	2.155	1	0	1.100159079	-32.80015632	NAN	
82.8	5.265	2.155	1	0	1.093091945	-32.99625543	NAN	
82.9	5.27	2.155	1	0	1.077613103	-33.19235454	NAN	
83	5.275	2.155	1	0	1.061626111	-33.38845365	NAN	
83.1	5.28	2.155	1	0	1.049642796	-33.58455276	NAN	
83.2	5.285	2.155	1	0	1.042041266	-33.78065187	NAN	
83.3	5.285	2.155	1	0	1.047234453	-33.78065187	NAN	
83.4	5.29	2.155	1	0	1.047401547	-33.97675098	NAN	
83.5	5.295	2.155	1	0	1.036484443	-34.17285009	NAN	
83.6	5.3	2.155	1	0	1.034190505	-34.3689492	NAN	
83.7	5.3	2.155	1	0	1.019656805	-34.3689492	NAN	
83.8	5.31	2.155	1	0	0.9878765105	-34.76114742	NAN	
83.9	5.31	2.155	1	0	0.9704638066	-34.76114742	NAN	
84	5.315	2.155	1	0	0.9589838372	-34.95724653	NAN	
84.1	5.315	2.155	1	0	0.9320944158	-34.95724653	NAN	
84.2	5.32	2.155	1	0	0.9041294155	-35.15334564	NAN	
84.3	5.325	2.155	1	0	0.8837703322	-35.34944475	NAN	
84.4	5.33	2.155	1	0	0.8481745103	-35.54554386	NAN	
84.5	5.335	2.155	1	0	0.7848248212	-35.74164297	NAN	
84.6	5.335	2.155	1	0	0.7528944149	-35.74164297	NAN	
84.707	5.34	2.155	1	0	0.7458216945	-35.93774208	NAN	
84.8	5.345	2.155	1	0	0.6398046577	-36.13384119	NAN	
84.9	5.35	2.155	1	0	0.5674504384	-36.3299403	NAN	
85	5.35	2.155	1	0	0.4907647094	-36.3299403	NAN	
85.1	5.355	2.155	1	0	0.4498888752	-36.52603941	NAN	
85.2	5.36	2.155	1	0	0.438634244	-36.72213852	NAN	
85.3	5.365	2.155	1	0	0.343074336	-36.91823763	NAN	
85.4	5.365	2.155	1	0	0.2437211521	-36.91823763	NAN	
85.5	5.37	2.16	1	0	0.1906567596	-37.11433674	NAN	
85.6	5.375	2.155	1	0	0.08631338251	-37.31043585	NAN	
85.7	5.38	2.155	1	0	0.03082207001	-37.50653496	NAN	
85.8	5.385	2.155	1	0	0.03535533906	-37.70263407	NAN	
85.9	5.385	2.16	1	0	0.08631338251	-37.70263407	NAN	
86	5.39	2.155	1	0	0.137658999	-37.89873318	NAN	
86.1	5.395	2.155	1	0	0.2887905816	-38.09483229	NAN	
86.2	5.395	2.155	1	0	0.3601388621	-38.09483229	NAN	
86.3	5.4	2.155	1	0	0.5896185207	-38.2909314	NAN	
86.4	5.405	2.155	1	0	0.6811387524	-38.48703051	NAN	
86.5	5.41	2.155	1	0	0.713582511	-38.68312962	NAN	
86.6	5.415	2.155	1	0	0.6613622306	-38.87922873	NAN	
86.7	5.415	2.155	1	0	0.6344682813	-38.87922873	NAN	
86.8	5.42	2.155	1	0	0.6519202405	-39.07532784	NAN	
86.9	5.425	2.155	1	0	0.6128213443	-39.27142695	NAN	
87	5.425	2.155	1	0	0.5093623465	-39.27142695	NAN	
87.1	5.43	2.155	1	0	0.5058655948	-39.46752606	NAN	
87.2	5.435	2.155	1	0	0.4677071733	-39.66362517	NAN	
87.3	5.44	2.155	1	0	0.5550675635	-39.85972428	NAN	
87.4	5.445	2.155	1	0	0.6235382907	-40.05582339	NAN	
87.5	5.445	2.155	1	0	0.6739065217	-40.05582339	NAN	
87.6	5.45	2.155	1	0	0.7339277894	-40.2519225	NAN	
87.7	5.455	2.155	1	0	0.731300212	-40.44802161	NAN	
87.8	5.46	2.155	1	0	0.7334848328	-40.64412072	NAN	
87.9	5.46	2.155	1	0	0.6752406978	-40.64412072	NAN	
88	5.465	2.155	1	0	0.602245797	-40.84021983	NAN	
88.1	5.47	2.155	1	0	0.5100490173	-41.03631894	NAN	
88.2	5.475	2.155	1	0	0.483683781	-41.23241805	NAN	
88.3	5.475	2.155	1	0	0.474341649	-41.23241805	NAN	
88.4	5.48	2.155	1	0	0.4411349	-41.42851716	NAN	
88.5	5.485	2.155	1	0	0.3722902094	-41.62461627	NAN	
88.6	5.49	2.155	1	0	0.2775788176	-41.82071538	NAN	
88.7	5.495	2.155	1	0	0.2431049156	-42.01681449	NAN	
88.8	5.5	2.155	1	0	0.1769180601	-42.2129136	NAN	
88.9	5.505	2.155	1	0	0.1294217911	-42.40901271	NAN	
89	5.505	2.155	1	0	0.05477225575	-42.40901271	NAN	
89.1	5.51	2.155	1	0	0.05	-42.60511182	NAN	
89.2	5.515	2.155	1	0	0.1072380529	-42.80121093	NAN	
89.3	5.515	2.155	1	0	0.1541103501	-42.80121093	NAN	
89.4	5.52	2.155	1	0	0.1976107285	-42.99731004	NAN	
89.5	5.525	2.155	1	0	0.2331308645	-43.19340915	NAN	
89.6	5.53	2.155	1	0	0.2026079959	-43.38950826	NAN	
89.7	5.535	2.155	1	0	0.1587450787	-43.58560737	NAN	
89.8	5.54	2.155	1	0	0.08831760866	-43.78170648	NAN	
89.9	5.545	2.155	1	0	0.0474341649	-43.97780559	NAN	
90	5.545	2.155	1	0	0.03872983346	-43.97780559	NAN	
90.1	5.55	2.155	1	0	0.1288409873	-44.1739047	NAN	
90.2	5.55	2.155	1	0	0.2140093456	-44.1739047	NAN	
90.3	5.555	2.155	1	0	0.2737699764	-44.37000381	NAN	
90.4	5.56	2.155	1	0	0.3874274126	-44.56610292	NAN	
90.5	5.565	2.155	1	0	0.3970516339	-44.76220203	NAN	
90.6	5.57	2.155	1	0	0.3864582772	-44.95830114	NAN	
90.7	5.57	2.155	1	0	0.3218695388	-44.95830114	NAN	
90.8	5.575	2.155	1	0	0.2923183196	-45.15440025	NAN	
90.9	5.58	2.155	1	0	0.2450510151	-45.35049936	NAN	
91	5.58	2.155	1	0	0.1862793601	-45.35049936	NAN	
91.1	5.585	2.155	1	0	0.1046422477	-45.54659847	NAN	
91.2	5.59	2.155	1	0	0.06403124237	-45.74269758	NAN	
91.3	5.595	2.155	1	0	0.1276714533	-45.93879669	NAN	
91.4	5.595	2.155	1	0	0.1144552314	-45.93879669	NAN	
91.5	5.6	2.155	1	0	0.1694107435	-46.1348958	NAN	
91.6	5.605	2.155	1	0	0.2442334948	-46.33099491	NAN	
91.7	5.61	2.155	1	0	0.334290293	-46.52709402	NAN	
91.8	5.61	2.155	1	0	0.4368638232	-46.52709402	NAN	
91.9	5.615	2.155	1	0	0.4596194078	-46.72319313	NAN	
92	5.62	2.155	1	0	0.4759201614	-46.91929224	NAN	
92.1	5.625	2.155	1	0	0.4092676386	-47.11539135	NAN	
92.2	5.63	2.155	1	0	0.4056476303	-47.31149046	NAN	
92.3	5.63	2.155	1	0	0.3306055051	-47.31149046	NAN	
92.4	5.635	2.155	1	0	0.3363034344	-47.50758957	NAN	
92.5	5.64	2.155	1	0	0.2774887385	-47.70368868	NAN	
92.6	5.645	2.155	1	0	0.2414539294	-47.89978779	NAN	
92.7	5.645	2.155	1	0	0.1762101019	-47.89978779	NAN	
92.8	5.65	2.155	1	0	0.1178982612	-48.0958869	NAN	
92.9	5.655	2.155	1	0	0.09695359715	-48.29198601	NAN	
93	5.66	2.155	1	0	0.1048808848	-48.48808512	NAN	
93.1	5.665	2.155	1	0	0.09669539803	-48.68418423	NAN	
93.2	5.67	2.155	1	0	0.08366600265	-48.88028334	NAN	
93.3	5.67	2.155	1	0	0.08366600265	-48.88028334	NAN	
93.4	5.68	2.155	1	0	0.1067707825	-49.27248156	NAN	
93.5	5.68	2.155	1	0	0.1953202498	-49.27248156	NAN	
93.6	5.685	2.155	1	0	0.3171750305	-49.46858067	NAN	
93.7	5.69	2.155	1	0	0.4536518489	-49.66467978	NAN	
93.8	5.695	2.155	1	0	0.5131276644	-49.86077889	NAN	
93.9	5.695	2.155	1	0	0.5487713549	-49.86077889	NAN	
94	5.7	2.155	1	0	0.5038352905	-50.056878	NAN	
94.1	5.705	2.155	1	0	0.4863640612	-50.25297711	NAN	
94.2	5.71	2.155	1	0	0.5588380803	-50.44907622	NAN	
94.3	5.71	2.155	1	0	0.6680568838	-50.44907622	NAN	
94.4	5.715	2.155	1	0	0.7027090436	-50.64517533	NAN	
94.5	5.72	2.155	1	0	0.6213292203	-50.84127444	NAN	
94.6	5.725	2.155	1	0	0.5386093204	-51.03737355	NAN	
94.7	5.73	2.155	1	0	0.5803016457	-51.23347266	NAN	
94.8	5.735	2.155	1	0	0.7493997598	-51.42957177	NAN	
94.9	5.735	2.155	1	0	0.8469946871	-51.42957177	NAN	
95	5.74	2.155	1	0	0.8823831367	-51.62567088	NAN	
95.1	5.745	2.155	1	0	0.8863972022	-51.82176999	NAN	
95.2	5.745	2.155	1	0	0.8516161107	-51.82176999	NAN	
95.3	5.75	2.155	1	0	0.8231342539	-52.0178691	NAN	
95.4	5.755	2.155	1	0	0.8097221746	-52.21396821	NAN	
95.5	5.76	2.155	1	0	0.8267405881	-52.41006732	NAN	
95.6	5.765	2.155	1	0	0.8449260323	-52.60616643	NAN	
95.7	5.765	2.155	1	0	0.8218272325	-52.60616643	NAN	
95.8	5.77	2.16	1	0	0.7797756087	-52.80226554	NAN	
95.9	5.775	2.155	1	0	0.8060397013	-52.99836465	NAN	
96	5.78	2.155	1	0	0.8487048957	-53.19446376	NAN	
96.1	5.78	2.155	1	0	0.8622644606	-53.19446376	NAN	
96.2	5.785	2.155	1	0	0.8503528679	-53.39056287	NAN	
96.3	5.79	2.155	1	0	0.8122191822	-53.58666198	NAN	
96.4	5.795	2.155	1	0	0.7360706488	-53.78276109	NAN	
96.5	5.795	2.155	1	0	0.6969935437	-53.78276109	NAN	
96.6	5.8	2.155	1	0	0.6116371473	-53.9788602	NAN	
96.7	5.805	2.155	1	0	0.6060940521	-54.17495931	NAN	
96.8	5.81	2.155	1	0	0.6393355926	-54.37105842	NAN	
96.9	5.815	2.155	1	0	0.6741661516	-54.56715753	NAN	
97	5.815	2.155	1	0	0.7090486584	-54.56715753	NAN	
97.1	5.825	2.155	1	0	0.6949820142	-54.95935575	NAN	
97.2	5.825	2.155	1	0	0.6224146528	-54.95935575	NAN	
97.3	5.83	2.155	1	0	0.5479051013	-55.15545486	NAN	
97.4	5.835	2.155	1	0	0.5489080069	-55.35155397	NAN	
97.5	5.84	2.155	1	0	0.6387879147	-55.54765308	NAN	
97.6	5.84	2.155	1	0	0.7454193451	-55.54765308	NAN	
97.705	5.845	2.155	1	0	0.8291863482	-55.74375219	NAN	
97.814	5.85	2.155	1	0	0.8777528126	-55.9398513	NAN	
97.9	5.85	2.155	1	0	0.8905335479	-55.9398513	NAN	
98	5.855	2.155	1	0	0.9020809276	-56.13595041	NAN	
98.1	5.86	2.155	1	0	0.8958236434	-56.33204952	NAN	
98.2	5.865	2.155	1	0	0.8704309278	-56.52814863	NAN	
98.3	5.865	2.155	1	0	0.8211272739	-56.52814863	NAN	
98.4	5.87	2.155	1	0	0.7403377608	-56.72424774	NAN	
98.5	5.875	2.155	1	0	0.6719374971	-56.92034685	NAN	
98.6	5.88	2.155	1	0	0.613514466	-57.11644596	NAN	
98.7	5.885	2.155	1	0	0.6317040446	-57.31254507	NAN	
98.8	5.89	2.155	1	0	0.6615512074	-57.50864418	NAN	
98.9	5.89	2.155	1	0	0.6421059103	-57.50864418	NAN	
99	5.895	2.155	1	0	0.5587038572	-57.70474329	NAN	
99.1	5.895	2.155	1	0	0.4772839826	-57.70474329	NAN	
99.2	5.9	2.16	1	0	0.4411349	-57.9008424	NAN	
99.3	5.905	2.155	1	0	0.3570014006	-58.09694151	NAN	
99.4	5.91	2.155	1	0	0.2952117884	-58.29304062	NAN	
99.5	5.915	2.155	1	0	0.2736786437	-58.48913973	NAN	
99.6	5.915	2.155	1	0	0.3074898372	-58.48913973	NAN	
99.7	5.92	2.16	1	0	0.3338412797	-58.68523884	NAN	
99.8	5.925	2.155	1	0	0.3691882988	-58.88133795	NAN	
99.9	5.93	2.155	1	0	0.3634556369	-59.07743706	NAN	
100	5.935	2.155	1	0	0.3676275289	-59.27353617	NAN	
100.115	5.94	2.155	1	0	0.4000624951	-59.46963528	NAN	
100.208	5.945	2.155	1	0	0.4020572099	-59.66573439	NAN	
100.3	5.945	2.155	1	0	0.3963584237	-59.66573439	NAN	
100.4	5.95	2.155	1	0	0.3212475681	-59.8618335	NAN	
100.5	5.955	2.16	1	0	0.2204540769	-60.05793261	NAN	
100.6	5.955	2.155	1	0	0.1653783541	-60.05793261	NAN	
100.7	5.965	2.155	1	0	0.05477225575	-60.45013083	NAN	
100.8	5.97	2.155	1	0	0.02549509757	-60.64622994	NAN	
100.9	5.97	2.155	1	0	0.06164414003	-60.64622994	NAN	
101	5.975	2.155	1	0	0.08717797887	-60.84232905	NAN	
101.1	5.98	2.16	1	0	0.1181101181	-61.03842816	NAN	
101.2	5.985	2.155	1	0	0.1109053651	-61.23452727	NAN	
101.3	5.99	2.155	1	0	0.09772410143	-61.43062638	NAN	
101.4	5.99	2.155	1	0	0.09	-61.43062638	NAN	
101.5	5.995	2.155	1	0	0.09	-61.62672549	NAN	
101.6	6	2.16	1	0	0.1	-61.8228246	NAN	
101.7	6	2.155	1	0	0.1151086443	-61.8228246	NAN	
101.8	6.005	2.155	1	0	0.1226784415	-62.01892371	NAN	
101.9	6.01	2.155	1	0	0.1521512405	-62.21502282	NAN	
102	6.015	2.155	1	0	0.1744992837	-62.41112193	NAN	
102.1	6.015	2.155	1	0	0.2111871208	-62.41112193	NAN	
102.2	6.02	2.155	1	0	0.2098809186	-62.60722104	NAN	
102.3	6.025	2.155	1	0	0.2292378677	-62.80332015	NAN	
102.4	6.03	2.155	1	0	0.2757716447	-62.99941926	NAN	
102.5	6.035	2.155	1	0	0.2683281573	-63.19551837	NAN	
102.6	6.035	2.155	1	0	0.2635336791	-63.19551837	NAN	
102.7	6.04	2.155	1	0	0.1991230775	-63.39161748	NAN	
102.8	6.045	2.155	1	0	0.1518222645	-63.58771659	NAN	
102.9	6.05	2.155	1	0	0.09246621004	-63.7838157	NAN	
103	6.05	2.155	1	0	0.04	-63.7838157	NAN	
103.1	6.055	2.155	1	0	0.04	-63.97991481	NAN	
103.2	6.06	2.155	1	0	0.04949747468	-64.17601392	NAN	
103.3	6.065	2.155	1	0	0.0738241153	-64.37211303	NAN	
103.4	6.07	2.155	1	0	0.09643650761	-64.56821214	NAN	
103.5	6.075	2.155	1	0	0.1031988372	-64.76431125	NAN	
103.6	6.075	2.16	1	0	0.1053565375	-64.76431125	NAN	
103.7	6.08	2.155	1	0	0.109772492	-64.96041036	NAN	
103.8	6.085	2.155	1	0	0.1181101181	-65.15650947	NAN	
103.9	6.085	2.155	1	0	0.1286468033	-65.15650947	NAN	
104	6.09	2.155	1	0	0.1262933094	-65.35260858	NAN	
104.1	6.095	2.155	1	0	0.1210371844	-65.54870769	NAN	
104.2	6.1	2.155	1	0	0.09354143467	-65.7448068	NAN	
104.3	6.105	2.155	1	0	0.05958187644	-65.94090591	NAN	
104.4	6.11	2.16	1	0	0.02549509757	-66.13700502	NAN	
104.5	6.11	2.155	1	0	0.06964194139	-66.13700502	NAN	
104.6	6.115	2.155	1	0	0.1224744871	-66.33310413	NAN	
104.7	6.12	2.155	1	0	0.178465683	-66.52920324	NAN	
104.8	6.125	2.155	1	0	0.1898683755	-66.72530235	NAN	
104.9	6.13	2.155	1	0	0.224053565	-66.92140146	NAN	
105	6.13	2.155	1	0	0.2799107	-66.92140146	NAN	
105.1	6.135	2.155	1	0	0.3180408779	-67.11750057	NAN	
105.2	6.14	2.155	1	0	0.3052048492	-67.31359968	NAN	
105.3	6.145	2.16	1	0	0.3038091506	-67.50969879	NAN	
105.4	6.15	2.155	1	0	0.2872281323	-67.7057979	NAN	
105.5	6.155	2.16	1	0	0.2436185543	-67.90189701	NAN	
105.6	6.155	2.155	1	0	0.2314087293	-67.90189701	NAN	
105.7	6.16	2.16	1	0	0.2082066281	-68.09799612	NAN	
105.8	6.165	2.155	1	0	0.1443952908	-68.29409523	NAN	
105.9	6.17	2.155	1	0	0.07176350047	-68.49019434	NAN	
106	6.175	2.155	1	0	0.04183300133	-68.68629345	NAN	
106.1	6.18	2.155	1	0	0.0316227766	-68.88239256	NAN	
106.2	6.18	2.155	1	0	0.04415880433	-68.88239256	NAN	
106.3	6.185	2.155	1	0	0.0316227766	-69.07849167	NAN	
106.4	6.19	2.155	1	0	0.07106335202	-69.27459078	NAN	
106.5	6.195	2.155	1	0	0.1238951169	-69.47068989	NAN	
106.6	6.195	2.155	1	0	0.1760681686	-69.47068989	NAN	
106.7	6.2	2.155	1	0	0.2392697223	-69.666789	NAN	
106.8	6.205	2.155	1	0	0.2876629973	-69.86288811	NAN	
106.9	6.205	2.155	1	0	0.3079772719	-69.86288811	NAN	
107	6.21	2.155	1	0	0.2983286778	-70.05898722	NAN	
107.1	6.215	2.155	1	0	0.2502998202	-70.25508633	NAN	
107.2	6.22	2.155	1	0	0.1963415392	-70.45118544	NAN	
107.3	6.225	2.155	1	0	0.1845264209	-70.64728455	NAN	
107.4	6.225	2.155	1	0	0.2361143791	-70.64728455	NAN	
107.5	6.23	2.155	1	0	0.260672208	-70.84338366	NAN	
107.6	6.235	2.155	1	0	0.2937686164	-71.03948277	NAN	
107.7	6.24	2.155	1	0	0.3247306576	-71.23558188	NAN	
107.815	6.245	2.155	1	0	0.3484967719	-71.43168099	NAN	
107.908	6.245	2.155	1	0	0.3227227913	-71.43168099	NAN	
108	6.25	2.155	1	0	0.316227766	-71.6277801	NAN	
108.1	6.255	2.155	1	0	0.3120096152	-71.82387921	NAN	
108.2	6.26	2.155	1	0	0.317411405	-72.01997832	NAN	
108.3	6.265	2.155	1	0	0.3519943181	-72.21607743	NAN	
108.4	6.27	2.155	1	0	0.35742132	-72.41217654	NAN	
108.5	6.275	2.155	1	0	0.363868108	-72.60827565	NAN	
108.6	6.275	2.155	1	0	0.3832753579	-72.60827565	NAN	
108.7	6.28	2.155	1	0	0.3865876356	-72.80437476	NAN	
108.8	6.285	2.155	1	0	0.3580502758	-73.00047387	NAN	
108.9	6.29	2.155	1	0	0.3144041984	-73.19657298	NAN	
109	6.29	2.155	1	0	0.2123676058	-73.19657298	NAN	
109.1	6.295	2.155	1	0	0.1523154621	-73.39267209	NAN	
109.2	6.305	2.155	1	0	0.1183215957	-73.78487031	NAN	
109.3	6.31	2.155	1	0	0.0703562364	-73.98096942	NAN	
109.4	6.31	2.155	1	0	0.05567764363	-73.98096942	NAN	
109.5	6.315	2.155	1	0	0.05873670062	-74.17706853	NAN	
109.6	6.315	2.155	1	0	0.09082951062	-74.17706853	NAN	
109.7	6.32	2.155	1	0	0.1423024947	-74.37316764	NAN	
109.8	6.325	2.155	1	0	0.2564176281	-74.56926675	NAN	
109.9	6.335	2.155	1	0	0.3238826948	-74.96146497	NAN	
110	6.335	2.155	1	0	0.3606937759	-74.96146497	NAN	
110.1	6.335	2.155	1	0	0.3883297568	-74.96146497	NAN	
110.2	6.34	2.155	1	0	0.4092065493	-75.15756408	NAN	
110.3	6.35	2.155	1	0	0.4030508653	-75.5497623	NAN	
110.4	6.355	2.155	1	0	0.3776241518	-75.74586141	NAN	
110.5	6.355	2.155	1	0	0.369459064	-75.74586141	NAN	
110.6	6.36	2.155	1	0	0.3365263734	-75.94196052	NAN	
110.7	6.36	2.155	1	0	0.2982448658	-75.94196052	NAN	
110.8	6.365	2.155	1	0	0.1919635382	-76.13805963	NAN	
110.9	6.365	2.155	1	0	0.1242980289	-76.13805963	NAN	
111	6.375	2.155	1	0	0.07549834435	-76.53025785	NAN	
111.1	6.395	2.155	1	0	0.04358898944	-77.31465429	NAN	
111.2	6.39	2.155	1	0	0.06819090848	-77.11855518	NAN	
111.3	6.39	2.155	1	0	0.08602325267	-77.11855518	NAN	
111.4	6.39	2.155	1	0	0.1024695077	-77.11855518	NAN	
111.5	6.395	2.155	1	0	0.1187434209	-77.31465429	NAN	
111.6	6.405	2.155	1	0	0.1065363788	-77.70685251	NAN	
111.7	6.41	2.155	1	0	0.0916515139	-77.90295162	NAN	
111.8	6.41	2.155	1	0	0.08972179222	-77.90295162	NAN	
111.9	6.415	2.16	1	0	0.09617692031	-78.09905073	NAN	
112	6.415	2.155	1	0	0.09273618495	-78.09905073	NAN	
112.1	6.42	2.155	1	0	0.1074709263	-78.29514984	NAN	
112.2	6.425	2.155	1	0	0.1183215957	-78.49124895	NAN	
112.3	6.43	2.155	1	0	0.1170469991	-78.68734806	NAN	
112.4	6.43	2.155	1	0	0.115974135	-78.68734806	NAN	
112.5	6.435	2.155	1	0	0.1002496883	-78.88344717	NAN	
112.6	6.44	2.155	1	0	0.09	-79.07954628	NAN	
112.7	6.445	2.155	1	0	0.07937253933	-79.27564539	NAN	
112.8	6.445	2.155	1	0	0.04949747468	-79.27564539	NAN	
112.9	6.445	2.155	1	0	0.04795831523	-79.27564539	NAN	
113	6.455	2.155	1	0	0.04582575695	-79.66784361	NAN	
113.1	6.46	2.155	1	0	0.06123724357	-79.86394272	NAN	
113.2	6.47	2.155	1	0	0.08306623863	-80.25614094	NAN	
113.3	6.47	2.155	1	0	0.09974968672	-80.25614094	NAN	
113.4	6.475	2.155	1	0	0.1012422837	-80.45224005	NAN	
113.5	6.475	2.155	1	0	0.1004987562	-80.45224005	NAN	
113.6	6.48	2.155	1	0	0.09327379053	-80.64833916	NAN	
113.7	6.485	2.155	1	0	0.1048808848	-80.84443827	NAN	
113.8	6.485	2.155	1	0	0.1206233808	-80.84443827	NAN	
113.9	6.485	2.155	1	0	0.13	-80.84443827	NAN	
114	6.49	2.155	1	0	0.1311487705	-81.04053738	NAN	
114.1	6.5	2.155	1	0	0.1294217911	-81.4327356	NAN	
114.2	6.505	2.155	1	0	0.14	-81.62883471	NAN	
114.3	6.515	2.155	1	0	0.147478812	-82.02103293	NAN	
114.4	6.515	2.155	1	0	0.1794435844	-82.02103293	NAN	
114.5	6.515	2.155	1	0	0.1787456293	-82.02103293	NAN	
114.6	6.525	2.155	1	0	0.1893409623	-82.41323115	NAN	
114.7	6.53	2.155	1	0	0.1971040334	-82.60933026	NAN	
114.8	6.535	2.155	1	0	0.1752141547	-82.80542937	NAN	
114.9	6.54	2.155	1	0	0.17	-83.00152848	NAN	
115	6.54	2.155	1	0	0.160623784	-83.00152848	NAN	
115.1	6.545	2.155	1	0	0.1509966887	-83.19762759	NAN	
115.2	6.545	2.155	1	0	0.1662828915	-83.19762759	NAN	
115.3	6.55	2.155	1	0	0.1740689519	-83.3937267	NAN	
115.4	6.565	2.155	1	0	0.1659819267	-83.98202403	NAN	
115.5	6.565	2.155	1	0	0.2202271555	-83.98202403	NAN	
115.6	6.565	2.155	1	0	0.1898683755	-83.98202403	NAN	
115.7	6.565	2.155	1	0	0.1909188309	-83.98202403	NAN	
115.8	6.57	2.155	1	0	0.2384323804	-84.17812314	NAN	
115.9	6.575	2.155	1	0	0.1670329309	-84.37422225	NAN	
116	6.575	2.155	1	0	0.1086278049	-84.37422225	NAN	
116.1	6.58	2.155	1	0	0.09219544457	-84.57032136	NAN	
116.2	6.59	2.155	1	0	0.09110433579	-84.96251958	NAN	
116.3	6.59	2.155	1	0	0.06244997998	-84.96251958	NAN	
116.4	6.595	2.155	1	0	0.02738612788	-85.15861869	NAN	
116.5	6.605	2.155	1	0	0.0474341649	-85.55081691	NAN	
116.6	6.605	2.155	1	0	0.08514693183	-85.55081691	NAN	
116.7	6.61	2.155	1	0	0.09354143467	-85.74691602	NAN	
116.8	6.61	2.155	1	0	0.0608276253	-85.74691602	NAN	
116.9	6.615	2.155	1	0	0.05291502622	-85.94301513	NAN	
117	6.61	2.155	1	0	0.05196152423	-85.74691602	NAN	
117.1	6.625	2.155	1	0	0.03240370349	-86.33521335	NAN	
117.2	6.63	2.155	1	0	0.0234520788	-86.53131246	NAN	
117.3	6.63	2.155	1	0	0.02549509757	-86.53131246	NAN	
117.4	6.63	2.155	1	0	0.03240370349	-86.53131246	NAN	
117.5	6.635	2.155	1	0	0.01870828693	-86.72741157	NAN	
117.6	6.64	2.155	1	0	0.04358898944	-86.92351068	NAN	
117.7	6.65	2.155	1	0	0.03464101615	-87.3157089	NAN	
117.8	6.65	2.155	1	0	0.02	-87.3157089	NAN	
117.9	6.655	2.155	1	0	0.02828427125	-87.51180801	NAN	
118	6.66	2.155	1	0	0.02828427125	-87.70790712	NAN	
118.1	6.665	2.155	1	0	0.05522680509	-87.90400623	NAN	
118.2	6.665	2.155	1	0	0.0771362431	-87.90400623	NAN	
118.3	6.665	2.155	1	0	0.1036822068	-87.90400623	NAN	
118.4	6.67	2.155	1	0	0.1102270384	-88.10010534	NAN	
118.5	6.67	2.155	1	0	0.109772492	-88.10010534	NAN	
118.6	6.675	2.155	1	0	0.1118033989	-88.29620445	NAN	
118.7	6.685	2.155	1	0	0.09082951062	-88.68840267	NAN	
118.8	6.7	2.155	1	0	0.08276472679	-89.2767	NAN	
118.9	6.7	2.155	1	0	0.05656854249	-89.2767	NAN	
119	6.7	2.155	1	0	0.04	-89.2767	NAN	
119.1	6.7	2.155	1	0	0.03	-89.2767	NAN	
119.2	6.7	2.155	1	0	0.05700877125	-89.2767	NAN	
119.3	6.705	2.155	1	0	0.07810249676	-89.47279911	NAN	
119.4	6.72	2.155	0	0	0.0692820323	-90.06109644	NAN	
119.5	6.725	2.155	0	0	0.08774964387	-90.25719555	NAN	
119.6	6.725	2.16	0	0	0.1361983847	-90.25719555	NAN	
119.7	6.725	2.16	0	0	0.1554027027	-90.25719555	NAN	
119.8	6.725	2.16	0	0	0.1744992837	-90.25719555	NAN	
119.9	6.725	2.16	0	0	0.1558845727	-90.25719555	NAN	
120	6.725	2.16	0	0	0.1447411483	-90.25719555	NAN	
120.1	6.725	2.16	0	0	0.1361983847	-90.25719555	NAN	
120.2	6.725	2.16	0	0	0.121449578	-90.25719555	NAN	
120.3	6.725	2.16	0	0	0.1491643389	-90.25719555	NAN	
120.4	6.725	2.16	0	0	0.1113552873	-90.25719555	NAN	
120.5	6.725	2.16	0	0	0.08860022573	-90.25719555	NAN	
120.6	6.725	2.16	0	0	0.08	-90.25719555	NAN	
120.7	6.725	2.16	0	0	0.0764852927	-90.25719555	NAN	
120.8	6.725	2.16	0	0	0.07348469228	-90.25719555	NAN	
