MIN=0	0	-10	0	0	0	0	0	
MAX=160	10	10	1	1	7	100	5	
SCALE=50	2.5	5	0.5	0.5	5	50	1	
DEC=1	2	2	0	0	2	1	3	
DEF="Time" t / s	"Resistance" R_A1 / k&W	"Voltage" U_B1 / V	"Relay" R_1	"Voltage Source" S_1	"Voltage" U_B2 / V	"ang" ang	"Frequency" f / Hz	
0	6.725	-2.15	1	0	0.1120267825	-90.25719555	NAN	
0.1	6.725	-2.15	1	0	0.1206233808	-90.25719555	NAN	
0.2	6.725	-2.15	1	0	0.1493318452	-90.25719555	NAN	
0.3	6.725	-2.15	1	0	0.2209072203	-90.25719555	NAN	
0.4	6.705	-2.15	1	0	0.2466779277	-89.47279911	NAN	
0.5	6.7	-2.15	1	0	0.2152905014	-89.2767	NAN	
0.6	6.7	-2.15	1	0	0.1798610575	-89.2767	NAN	
0.7	6.7	-2.15	1	0	0.146628783	-89.2767	NAN	
0.8	6.7	-2.15	1	0	0.09027735043	-89.2767	NAN	
0.9	6.695	-2.15	1	0	0.1922238279	-89.08060089	NAN	
1	6.69	-2.15	1	0	0.2444381312	-88.88450178	NAN	
1.1	6.685	-2.15	1	0	0.2364318084	-88.68840267	NAN	
1.2	6.675	-2.15	1	0	0.240208243	-88.29620445	NAN	
1.3	6.67	-2.15	1	0	0.2588435821	-88.10010534	NAN	
1.4	6.67	-2.15	1	0	0.2398958107	-88.10010534	NAN	
1.5	6.665	-2.15	1	0	0.2442334948	-87.90400623	NAN	
1.6	6.665	-2.15	1	0	0.2673948391	-87.90400623	NAN	
1.7	6.665	-2.15	1	0	0.2723967694	-87.90400623	NAN	
1.8	6.655	-2.15	1	0	0.2935132024	-87.51180801	NAN	
1.9	6.65	-2.15	1	0	0.3155154513	-87.3157089	NAN	
2	6.65	-2.15	1	0	0.2420743687	-87.3157089	NAN	
2.1	6.645	-2.15	1	0	0.2456623699	-87.11960979	NAN	
2.2	6.64	-2.15	1	0	0.3183551476	-86.92351068	NAN	
2.3	6.635	-2.15	1	0	0.3076524013	-86.72741157	NAN	
2.4	6.63	-2.15	1	0	0.327184963	-86.53131246	NAN	
2.5	6.63	-2.15	1	0	0.2885307609	-86.53131246	NAN	
2.6	6.63	-2.15	1	0	0.2045727255	-86.53131246	NAN	
2.7	6.615	-2.15	1	0	0.1358307771	-85.94301513	NAN	
2.8	6.615	-2.15	1	0	0.1046422477	-85.94301513	NAN	
2.9	6.61	-2.15	1	0	0.09327379053	-85.74691602	NAN	
3	6.61	-2.15	1	0	0.06519202405	-85.74691602	NAN	
3.1	6.61	-2.15	1	0	0.07582875444	-85.74691602	NAN	
3.2	6.605	-2.15	1	0	0.08860022573	-85.55081691	NAN	
3.3	6.605	-2.15	1	0	0.05787918451	-85.55081691	NAN	
3.4	6.595	-2.15	1	0	0.02915475947	-85.15861869	NAN	
3.5	6.59	-2.15	1	0	0.05196152423	-84.96251958	NAN	
3.6	6.585	-2.15	1	0	0.0738241153	-84.76642047	NAN	
3.7	6.585	-2.15	1	0	0.08717797887	-84.76642047	NAN	
3.8	6.58	-2.15	1	0	0.1264911064	-84.57032136	NAN	
3.9	6.575	-2.15	1	0	0.178325545	-84.37422225	NAN	
4	6.57	-2.15	1	0	0.2152905014	-84.17812314	NAN	
4.1	6.565	-2.15	1	0	0.2946183973	-83.98202403	NAN	
4.2	6.565	-2.15	1	0	0.2422808288	-83.98202403	NAN	
4.3	6.565	-2.15	1	0	0.1801388353	-83.98202403	NAN	
4.4	6.565	-2.15	1	0	0.1311487705	-83.98202403	NAN	
4.5	6.56	-2.15	1	0	0.1389244399	-83.78592492	NAN	
4.6	6.545	-2.15	1	0	0.1081665383	-83.19762759	NAN	
4.7	6.545	-2.15	1	0	0.06708203932	-83.19762759	NAN	
4.8	6.54	-2.15	1	0	0.03240370349	-83.00152848	NAN	
4.9	6.54	-2.15	1	0	0.06819090848	-83.00152848	NAN	
5	6.535	-2.15	1	0	0.1473091986	-82.80542937	NAN	
5.1	6.535	-2.15	1	0	0.1464581852	-82.80542937	NAN	
5.2	6.53	-2.15	1	0	0.1752141547	-82.60933026	NAN	
5.3	6.525	-2.15	1	0	0.2243880567	-82.41323115	NAN	
5.4	6.52	-2.15	1	0	0.2376972865	-82.21713204	NAN	
5.5	6.515	-2.15	1	0	0.2659887216	-82.02103293	NAN	
5.6	6.515	-2.15	1	0	0.2973213749	-82.02103293	NAN	
5.7	6.51	-2.15	1	0	0.2989983278	-81.82493382	NAN	
5.8	6.5	-2.15	1	0	0.2685144316	-81.4327356	NAN	
5.9	6.5	-2.15	1	0	0.2495996795	-81.4327356	NAN	
6	6.495	-2.15	1	0	0.2441311123	-81.23663649	NAN	
6.1	6.485	-2.15	1	0	0.2185177338	-80.84443827	NAN	
6.2	6.485	-2.15	1	0	0.1603121954	-80.84443827	NAN	
6.3	6.48	-2.15	1	0	0.1204159458	-80.64833916	NAN	
6.4	6.475	-2.15	1	0	0.08246211251	-80.45224005	NAN	
6.5	6.475	-2.15	1	0	0.085732141	-80.45224005	NAN	
6.6	6.47	-2.15	1	0	0.113137085	-80.25614094	NAN	
6.7	6.47	-2.15	1	0	0.09273618495	-80.25614094	NAN	
6.8	6.47	-2.15	1	0	0.1081665383	-80.25614094	NAN	
6.9	6.46	-2.15	1	0	0.172626765	-79.86394272	NAN	
7	6.455	-2.15	1	0	0.1732050808	-79.66784361	NAN	
7.1	6.45	-2.15	1	0	0.1973575436	-79.4717445	NAN	
7.2	6.445	-2.15	1	0	0.2177154106	-79.27564539	NAN	
7.3	6.445	-2.15	1	0	0.1570031847	-79.27564539	NAN	
7.4	6.445	-2.15	1	0	0.1788854382	-79.27564539	NAN	
7.5	6.43	-2.15	1	0	0.1798610575	-78.68734806	NAN	
7.6	6.43	-2.15	1	0	0.140890028	-78.68734806	NAN	
7.7	6.425	-2.15	1	0	0.09974968672	-78.49124895	NAN	
7.8	6.42	-2.15	1	0	0.09924716621	-78.29514984	NAN	
7.9	6.42	-2.15	1	0	0.16	-78.29514984	NAN	
8	6.415	-2.15	1	0	0.1113552873	-78.09905073	NAN	
8.1	6.41	-2.15	1	0	0.1053565375	-77.90295162	NAN	
8.2	6.41	-2.15	1	0	0.1067707825	-77.90295162	NAN	
8.3	6.41	-2.15	1	0	0.09300537619	-77.90295162	NAN	
8.4	6.395	-2.15	1	0	0.06519202405	-77.31465429	NAN	
8.5	6.395	-2.15	1	0	0.06204836823	-77.31465429	NAN	
8.6	6.395	-2.15	1	0	0.06633249581	-77.31465429	NAN	
8.7	6.39	-2.15	1	0	0.07449832213	-77.11855518	NAN	
8.8	6.385	-2.15	1	0	0.08860022573	-76.92245607	NAN	
8.9	6.38	-2.15	1	0	0.1088577053	-76.72635696	NAN	
9	6.365	-2.15	1	0	0.173781472	-76.13805963	NAN	
9.1	6.365	-2.15	1	0	0.2060339778	-76.13805963	NAN	
9.2	6.365	-2.15	1	0	0.2292378677	-76.13805963	NAN	
9.3	6.36	-2.15	1	0	0.2136586062	-75.94196052	NAN	
9.4	6.36	-2.15	1	0	0.15795569	-75.94196052	NAN	
9.5	6.355	-2.15	1	0	0.1014889157	-75.74586141	NAN	
9.6	6.35	-2.15	1	0	0.08366600265	-75.5497623	NAN	
9.7	6.34	-2.15	1	0	0.08972179222	-75.15756408	NAN	
9.8	6.335	-2.15	1	0	0.09137833441	-74.96146497	NAN	
9.9	6.34	-2.15	1	0	0.1014889157	-75.15756408	NAN	
10	6.335	-2.15	1	0	0.160623784	-74.96146497	NAN	
10.1	6.325	-2.15	1	0	0.2072438178	-74.56926675	NAN	
10.2	6.32	-2.15	1	0	0.2736786437	-74.37316764	NAN	
10.3	6.32	-2.15	1	0	0.3155946768	-74.37316764	NAN	
10.4	6.315	-2.15	1	0	0.3066757245	-74.17706853	NAN	
10.5	6.31	-2.15	1	0	0.2079663434	-73.98096942	NAN	
10.6	6.31	-2.15	1	0	0.09669539803	-73.98096942	NAN	
10.7	6.305	-2.15	1	0	0.04582575695	-73.78487031	NAN	
10.8	6.295	-2.15	1	0	0.09565563235	-73.39267209	NAN	
10.9	6.29	-2.15	1	0	0.1740689519	-73.19657298	NAN	
11	6.29	-2.15	1	0	0.2518928344	-73.19657298	NAN	
11.1	6.285	-2.15	1	0	0.2810693865	-73.00047387	NAN	
11.2	6.28	-2.15	1	0	0.3006659276	-72.80437476	NAN	
11.3	6.275	-2.15	1	0	0.3257299495	-72.60827565	NAN	
11.4	6.275	-2.15	1	0	0.3243454948	-72.60827565	NAN	
11.5	6.27	-2.15	1	0	0.2778488798	-72.41217654	NAN	
11.6	6.265	-2.15	1	0	0.2340939982	-72.21607743	NAN	
11.7	6.26	-2.15	1	0	0.1603121954	-72.01997832	NAN	
11.8	6.255	-2.15	1	0	0.1036822068	-71.82387921	NAN	
11.9	6.255	-2.15	1	0	0.1827566688	-71.82387921	NAN	
12	6.25	-2.15	1	0	0.347706773	-71.6277801	NAN	
12.1	6.245	-2.15	1	0	0.5178320191	-71.43168099	NAN	
12.2	6.24	-2.15	1	0	0.6568485366	-71.23558188	NAN	
12.3	6.235	-2.15	1	0	0.7275300681	-71.03948277	NAN	
12.4	6.23	-2.15	1	0	0.7533923281	-70.84338366	NAN	
12.5	6.225	-2.15	1	0	0.753558226	-70.64728455	NAN	
12.6	6.225	-2.15	1	0	0.6845801633	-70.64728455	NAN	
12.7	6.22	-2.15	1	0	0.6239791663	-70.45118544	NAN	
12.8	6.215	-2.15	1	0	0.5071981861	-70.25508633	NAN	
12.9	6.215	-2.15	1	0	0.3357826678	-70.25508633	NAN	
13	6.21	-2.15	1	0	0.1932614809	-70.05898722	NAN	
13.1	6.205	-2.15	1	0	0.1183215957	-69.86288811	NAN	
13.2	6.205	-2.15	1	0	0.1733493582	-69.86288811	NAN	
13.3	6.195	-2.15	1	0	0.2720294102	-69.47068989	NAN	
13.4	6.195	-2.15	1	0	0.2694438717	-69.47068989	NAN	
13.5	6.19	-2.15	1	0	0.233023604	-69.27459078	NAN	
13.6	6.185	-2.15	1	0	0.1978635894	-69.07849167	NAN	
13.7	6.18	-2.15	1	0	0.1155422001	-68.88239256	NAN	
13.8	6.18	-2.15	1	0	0.08803408431	-68.88239256	NAN	
13.9	6.18	-2.15	1	0	0.08154753215	-68.88239256	NAN	
14	6.17	-2.15	1	0	0.1055935604	-68.49019434	NAN	
14.1	6.165	-2.15	1	0	0.1623268308	-68.29409523	NAN	
14.2	6.16	-2.15	1	0	0.2359025222	-68.09799612	NAN	
14.3	6.16	-2.15	1	0	0.244744765	-68.09799612	NAN	
14.4	6.16	-2.15	1	0	0.275317998	-68.09799612	NAN	
14.5	6.155	-2.15	1	0	0.3034798181	-67.90189701	NAN	
14.6	6.15	-2.15	1	0	0.4394883389	-67.7057979	NAN	
14.7	6.145	-2.15	1	0	0.5223504571	-67.50969879	NAN	
14.8	6.14	-2.15	1	0	0.62	-67.31359968	NAN	
14.9	6.135	-2.15	1	0	0.6721978875	-67.11750057	NAN	
15	6.13	-2.15	1	0	0.7034202158	-66.92140146	NAN	
15.1	6.13	-2.15	1	0	0.7349489778	-66.92140146	NAN	
15.2	6.125	-2.15	1	0	0.716344889	-66.72530235	NAN	
15.3	6.12	-2.15	1	0	0.6041936776	-66.52920324	NAN	
15.4	6.115	-2.15	1	0	0.58	-66.33310413	NAN	
15.5	6.11	-2.15	1	0	0.4560153506	-66.13700502	NAN	
15.6	6.11	-2.15	1	0	0.4125530269	-66.13700502	NAN	
15.7	6.105	-2.15	1	0	0.374232548	-65.94090591	NAN	
15.8	6.105	-2.15	1	0	0.3386000591	-65.94090591	NAN	
15.9	6.1	-2.15	1	0	0.3727599764	-65.7448068	NAN	
16	6.095	-2.15	1	0	0.3112073264	-65.54870769	NAN	
16.1	6.09	-2.15	1	0	0.2032240143	-65.35260858	NAN	
16.2	6.085	-2.15	1	0	0.05291502622	-65.15650947	NAN	
16.3	6.08	-2.15	1	0	0.07416198487	-64.96041036	NAN	
16.4	6.075	-2.15	1	0	0.1124722188	-64.76431125	NAN	
16.5	6.075	-2.15	1	0	0.2802677291	-64.76431125	NAN	
16.6	6.07	-2.15	1	0	0.2787471973	-64.56821214	NAN	
16.7	6.065	-2.15	1	0	0.2947880595	-64.37211303	NAN	
16.8	6.065	-2.15	1	0	0.3072458299	-64.37211303	NAN	
16.9	6.06	-2.15	1	0	0.3200781155	-64.17601392	NAN	
17	6.055	-2.15	1	0	0.2687936011	-63.97991481	NAN	
17.1	6.05	-2.15	1	0	0.2023610634	-63.7838157	NAN	
17.2	6.045	-2.15	1	0	0.1148912529	-63.58771659	NAN	
17.3	6.045	-2.15	1	0	0.1044030651	-63.58771659	NAN	
17.4	6.04	-2.15	1	0	0.1865475811	-63.39161748	NAN	
17.5	6.035	-2.15	1	0	0.2517935662	-63.19551837	NAN	
17.6	6.03	-2.15	1	0	0.2838133189	-62.99941926	NAN	
17.7	6.025	-2.15	1	0	0.2959729717	-62.80332015	NAN	
17.8	6.025	-2.15	1	0	0.399812456	-62.80332015	NAN	
17.9	6.02	-2.15	1	0	0.4444097209	-62.60722104	NAN	
18	6.015	-2.15	1	0	0.4352011029	-62.41112193	NAN	
18.1	6.015	-2.15	1	0	0.3505709629	-62.41112193	NAN	
18.2	6.01	-2.15	1	0	0.3242684073	-62.21502282	NAN	
18.3	6.01	-2.15	1	0	0.3079772719	-62.21502282	NAN	
18.4	6.005	-2.15	1	0	0.337934905	-62.01892371	NAN	
18.5	6	-2.15	1	0	0.3352610923	-61.8228246	NAN	
18.6	6	-2.15	1	0	0.3590960874	-61.8228246	NAN	
18.7	5.99	-2.15	1	0	0.4245585943	-61.43062638	NAN	
18.8	5.99	-2.15	1	0	0.4240872552	-61.43062638	NAN	
18.9	5.985	-2.15	1	0	0.3817721834	-61.23452727	NAN	
19	5.98	-2.15	1	0	0.3779550238	-61.03842816	NAN	
19.1	5.975	-2.15	1	0	0.3034798181	-60.84232905	NAN	
19.2	5.97	-2.15	1	0	0.2640075756	-60.64622994	NAN	
19.3	5.97	-2.15	1	0	0.1336038922	-60.64622994	NAN	
19.4	5.97	-2.15	1	0	0.1445683229	-60.64622994	NAN	
19.5	5.965	-2.15	1	0	0.1195826074	-60.45013083	NAN	
19.6	5.96	-2.15	1	0	0.1120267825	-60.25403172	NAN	
19.7	5.955	-2.15	1	0	0.1808314132	-60.05793261	NAN	
19.8	5.95	-2.15	1	0	0.2816025568	-59.8618335	NAN	
19.9	5.95	-2.15	1	0	0.4117644958	-59.8618335	NAN	
20	5.945	-2.15	1	0	0.4963869458	-59.66573439	NAN	
20.1	5.94	-2.15	1	0	0.5289612462	-59.46963528	NAN	
20.2	5.935	-2.15	1	0	0.4957822102	-59.27353617	NAN	
20.3	5.93	-2.15	1	0	0.4039801975	-59.07743706	NAN	
20.4	5.925	-2.15	1	0	0.2188606863	-58.88133795	NAN	
20.5	5.925	-2.15	1	0	0.1191637529	-58.88133795	NAN	
20.6	5.92	-2.15	1	0	0.1770593121	-58.68523884	NAN	
20.7	5.915	-2.15	1	0	0.405092582	-58.48913973	NAN	
20.8	5.915	-2.15	1	0	0.6367495583	-58.48913973	NAN	
20.9	5.91	-2.15	1	0	0.7543871685	-58.29304062	NAN	
21	5.905	-2.15	1	0	0.7730782625	-58.09694151	NAN	
21.1	5.905	-2.15	1	0	0.8294877938	-58.09694151	NAN	
21.2	5.9	-2.15	1	0	0.9086803618	-57.9008424	NAN	
21.3	5.895	-2.15	1	0	0.9488413988	-57.70474329	NAN	
21.4	5.89	-2.15	1	0	0.9620031185	-57.50864418	NAN	
21.5	5.89	-2.15	1	0	0.9633275663	-57.50864418	NAN	
21.6	5.885	-2.15	1	0	0.9282779756	-57.31254507	NAN	
21.7	5.88	-2.15	1	0	0.8975522269	-57.11644596	NAN	
21.8	5.875	-2.15	1	0	0.8640023148	-56.92034685	NAN	
21.9	5.87	-2.15	1	0	0.8820430828	-56.72424774	NAN	
22	5.87	-2.15	1	0	0.8971900579	-56.72424774	NAN	
22.1	5.865	-2.15	1	0	0.915259526	-56.52814863	NAN	
22.2	5.865	-2.15	1	0	0.9615352308	-56.52814863	NAN	
22.3	5.86	-2.15	1	0	0.97	-56.33204952	NAN	
22.4	5.855	-2.15	1	0	0.9748846086	-56.13595041	NAN	
22.5	5.85	-2.15	1	0	0.9869143833	-55.9398513	NAN	
22.6	5.85	-2.15	1	0	0.9983235948	-55.9398513	NAN	
22.7	5.845	-2.15	1	0	0.9733447488	-55.74375219	NAN	
22.8	5.84	-2.15	1	0	0.9458593976	-55.54765308	NAN	
22.9	5.84	-2.15	1	0	0.9264178323	-55.54765308	NAN	
23	5.835	-2.15	1	0	0.9037422199	-55.35155397	NAN	
23.1	5.83	-2.15	1	0	0.8706319544	-55.15545486	NAN	
23.2	5.825	-2.15	1	0	0.8523496935	-54.95935575	NAN	
23.3	5.825	-2.15	1	0	0.8452514419	-54.95935575	NAN	
23.4	5.82	-2.15	1	0	0.8593020424	-54.76325664	NAN	
23.5	5.815	-2.15	1	0	0.8707468059	-54.56715753	NAN	
23.6	5.815	-2.15	1	0	0.8707468059	-54.56715753	NAN	
23.7	5.81	-2.15	1	0	0.8441859985	-54.37105842	NAN	
23.8	5.805	-2.15	1	0	0.7421926974	-54.17495931	NAN	
23.9	5.8	-2.15	1	0	0.5581666418	-53.9788602	NAN	
24	5.795	-2.15	1	0	0.3624224055	-53.78276109	NAN	
24.1	5.79	-2.15	1	0	0.3071644511	-53.58666198	NAN	
24.2	5.79	-2.15	1	0	0.4852834223	-53.58666198	NAN	
24.3	5.785	-2.15	1	0	0.6423005527	-53.39056287	NAN	
24.4	5.78	-2.15	1	0	0.7365120501	-53.19446376	NAN	
24.5	5.78	-2.15	1	0	0.8070315979	-53.19446376	NAN	
24.6	5.775	-2.15	1	0	0.8454288852	-52.99836465	NAN	
24.7	5.77	-2.15	1	0	0.849558709	-52.80226554	NAN	
24.8	5.77	-2.15	1	0	0.834895203	-52.80226554	NAN	
24.9	5.765	-2.15	1	0	0.8096912992	-52.60616643	NAN	
25	5.76	-2.15	1	0	0.7625942565	-52.41006732	NAN	
25.1	5.755	-2.15	1	0	0.5981638571	-52.21396821	NAN	
25.2	5.755	-2.15	1	0	0.4603802776	-52.21396821	NAN	
25.3	5.75	-2.15	1	0	0.4301162634	-52.0178691	NAN	
25.4	5.745	-2.15	1	0	0.4402839993	-51.82176999	NAN	
25.5	5.74	-2.15	1	0	0.391599285	-51.62567088	NAN	
25.6	5.74	-2.15	1	0	0.3087069808	-51.62567088	NAN	
25.7	5.735	-2.15	1	0	0.2708320513	-51.42957177	NAN	
25.8	5.735	-2.15	1	0	0.32984845	-51.42957177	NAN	
25.9	5.73	-2.15	1	0	0.3847076812	-51.23347266	NAN	
26	5.725	-2.15	1	0	0.3702701716	-51.03737355	NAN	
26.1	5.725	-2.15	1	0	0.2672077843	-51.03737355	NAN	
26.2	5.72	-2.15	1	0	0.2577789751	-50.84127444	NAN	
26.3	5.715	-2.15	1	0	0.2931723043	-50.64517533	NAN	
26.4	5.71	-2.15	1	0	0.3033150178	-50.44907622	NAN	
26.5	5.71	-2.15	1	0	0.3416869913	-50.44907622	NAN	
26.6	5.705	-2.15	1	0	0.3123299537	-50.25297711	NAN	
26.7	5.7	-2.15	1	0	0.2996664813	-50.056878	NAN	
26.8	5.695	-2.15	1	0	0.2503996805	-49.86077889	NAN	
26.9	5.695	-2.15	1	0	0.2104756518	-49.86077889	NAN	
27	5.69	-2.15	1	0	0.1454303957	-49.66467978	NAN	
27.1	5.69	-2.15	1	0	0.09273618495	-49.66467978	NAN	
27.2	5.685	-2.15	1	0	0.0938083152	-49.46858067	NAN	
27.3	5.68	-2.15	1	0	0.1469693846	-49.27248156	NAN	
27.4	5.675	-2.15	1	0	0.2152905014	-49.07638245	NAN	
27.5	5.675	-2.15	1	0	0.2808024216	-49.07638245	NAN	
27.606	5.665	-2.15	1	0	0.2467792536	-48.68418423	NAN	
27.7	5.665	-2.15	1	0	0.2436185543	-48.68418423	NAN	
27.8	5.66	-2.15	1	0	0.2436185543	-48.48808512	NAN	
27.9	5.655	-2.15	1	0	0.2928310093	-48.29198601	NAN	
28	5.65	-2.15	1	0	0.2841654448	-48.0958869	NAN	
28.1	5.65	-2.15	1	0	0.2974894956	-48.0958869	NAN	
28.2	5.645	-2.15	1	0	0.2619160171	-47.89978779	NAN	
28.3	5.64	-2.15	1	0	0.2033469941	-47.70368868	NAN	
28.4	5.64	-2.15	1	0	0.173781472	-47.70368868	NAN	
28.5	5.635	-2.15	1	0	0.1378404875	-47.50758957	NAN	
28.6	5.63	-2.15	1	0	0.07449832213	-47.31149046	NAN	
28.7	5.625	-2.15	1	0	0.08602325267	-47.11539135	NAN	
28.8	5.625	-2.15	1	0	0.1129158979	-47.11539135	NAN	
28.9	5.62	-2.15	1	0	0.1486606875	-46.91929224	NAN	
29	5.615	-2.15	1	0	0.1927433527	-46.72319313	NAN	
29.1	5.61	-2.15	1	0	0.2605762844	-46.52709402	NAN	
29.2	5.61	-2.15	1	0	0.3043846251	-46.52709402	NAN	
29.3	5.605	-2.15	1	0	0.305122926	-46.33099491	NAN	
29.4	5.6	-2.15	1	0	0.2647640459	-46.1348958	NAN	
29.5	5.595	-2.15	1	0	0.2177154106	-45.93879669	NAN	
29.6	5.595	-2.15	1	0	0.1493318452	-45.93879669	NAN	
29.7	5.59	-2.15	1	0	0.09721111048	-45.74269758	NAN	
29.8	5.585	-2.15	1	0	0.06204836823	-45.54659847	NAN	
29.9	5.585	-2.15	1	0	0.0771362431	-45.54659847	NAN	
30	5.58	-2.15	1	0	0.1629417074	-45.35049936	NAN	
30.1	5.58	-2.15	1	0	0.2988310559	-45.35049936	NAN	
30.2	5.575	-2.15	1	0	0.3390427702	-45.15440025	NAN	
30.3	5.57	-2.15	1	0	0.3129696471	-44.95830114	NAN	
30.4	5.57	-2.15	1	0	0.2551470164	-44.95830114	NAN	
30.5	5.56	-2.15	1	0	0.249499499	-44.56610292	NAN	
30.6	5.56	-2.15	1	0	0.2347338919	-44.56610292	NAN	
30.7	5.555	-2.15	1	0	0.2302172887	-44.37000381	NAN	
30.8	5.55	-2.15	1	0	0.241143111	-44.1739047	NAN	
30.9	5.55	-2.15	1	0	0.2249444376	-44.1739047	NAN	
31	5.545	-2.15	1	0	0.2802677291	-43.97780559	NAN	
31.1	5.545	-2.15	1	0	0.2248332716	-43.97780559	NAN	
31.2	5.54	-2.15	1	0	0.1922238279	-43.78170648	NAN	
31.3	5.535	-2.15	1	0	0.2026079959	-43.58560737	NAN	
31.4	5.53	-2.15	1	0	0.2198863343	-43.38950826	NAN	
31.5	5.525	-2.15	1	0	0.1889444363	-43.19340915	NAN	
31.6	5.525	-2.15	1	0	0.2050609665	-43.19340915	NAN	
31.7	5.52	-2.15	1	0	0.2213594362	-42.99731004	NAN	
31.8	5.515	-2.15	1	0	0.2468805379	-42.80121093	NAN	
31.9	5.515	-2.15	1	0	0.2441311123	-42.80121093	NAN	
32	5.505	-2.15	1	0	0.2764054992	-42.40901271	NAN	
32.1	5.505	-2.15	1	0	0.2931723043	-42.40901271	NAN	
32.2	5.505	-2.15	1	0	0.3061862178	-42.40901271	NAN	
32.3	5.5	-2.15	1	0	0.3138470965	-42.2129136	NAN	
32.4	5.495	-2.15	1	0	0.3291656118	-42.01681449	NAN	
32.5	5.49	-2.15	1	0	0.310322413	-41.82071538	NAN	
32.6	5.485	-2.15	1	0	0.2281446909	-41.62461627	NAN	
32.7	5.485	-2.15	1	0	0.1781852968	-41.62461627	NAN	
32.8	5.48	-2.15	1	0	0.1414213562	-41.42851716	NAN	
32.9	5.475	-2.15	1	0	0.1260952021	-41.23241805	NAN	
33	5.47	-2.15	1	0	0.1430034965	-41.03631894	NAN	
33.1	5.47	-2.15	1	0	0.1142365966	-41.03631894	NAN	
33.2	5.465	-2.15	1	0	0.0938083152	-40.84021983	NAN	
33.3	5.46	-2.15	1	0	0.1197914855	-40.64412072	NAN	
33.4	5.455	-2.15	1	0	0.1311487705	-40.44802161	NAN	
33.5	5.455	-2.15	1	0	0.1852025918	-40.44802161	NAN	
33.6	5.45	-2.15	1	0	0.260672208	-40.2519225	NAN	
33.7	5.445	-2.15	1	0	0.354964787	-40.05582339	NAN	
33.8	5.445	-2.15	1	0	0.4048456496	-40.05582339	NAN	
33.9	5.44	-2.15	1	0	0.4284273567	-39.85972428	NAN	
34	5.435	-2.15	1	0	0.3859404099	-39.66362517	NAN	
34.1	5.43	-2.15	1	0	0.3227227913	-39.46752606	NAN	
34.2	5.425	-2.15	1	0	0.2861817604	-39.27142695	NAN	
34.3	5.425	-2.15	1	0	0.2947880595	-39.27142695	NAN	
34.4	5.425	-2.15	1	0	0.3131293662	-39.27142695	NAN	
34.5	5.42	-2.15	1	0	0.2796426291	-39.07532784	NAN	
34.6	5.415	-2.15	1	0	0.2808914381	-38.87922873	NAN	
34.7	5.41	-2.15	1	0	0.2820460955	-38.68312962	NAN	
34.8	5.405	-2.15	1	0	0.2601922366	-38.48703051	NAN	
34.9	5.4	-2.15	1	0	0.1626345597	-38.2909314	NAN	
35	5.4	-2.15	1	0	0.09219544457	-38.2909314	NAN	
35.1	5.395	-2.15	1	0	0.1365650028	-38.09483229	NAN	
35.2	5.39	-2.15	1	0	0.2164486082	-37.89873318	NAN	
35.3	5.39	-2.15	1	0	0.2424871131	-37.89873318	NAN	
35.4	5.385	-2.15	1	0	0.2811583184	-37.70263407	NAN	
35.5	5.38	-2.15	1	0	0.283019434	-37.50653496	NAN	
35.6	5.375	-2.15	1	0	0.275680975	-37.31043585	NAN	
35.7	5.375	-2.15	1	0	0.2152905014	-37.31043585	NAN	
35.8	5.37	-2.15	1	0	0.1659819267	-37.11433674	NAN	
35.9	5.365	-2.15	1	0	0.1454303957	-36.91823763	NAN	
36	5.365	-2.15	1	0	0.1701469953	-36.91823763	NAN	
36.1	5.36	-2.15	1	0	0.2838133189	-36.72213852	NAN	
36.2	5.355	-2.15	1	0	0.3766297917	-36.52603941	NAN	
36.3	5.35	-2.15	1	0	0.5579426494	-36.3299403	NAN	
36.4	5.345	-2.15	1	0	0.7083784299	-36.13384119	NAN	
36.5	5.345	-2.15	1	0	0.8030255289	-36.13384119	NAN	
36.6	5.34	-2.15	1	0	0.8728974739	-35.93774208	NAN	
36.7	5.335	-2.15	1	0	0.9052900088	-35.74164297	NAN	
36.8	5.33	-2.15	1	0	0.9566085929	-35.54554386	NAN	
36.9	5.325	-2.15	1	0	0.9729850975	-35.34944475	NAN	
37	5.325	-2.15	1	0	0.9870410326	-35.34944475	NAN	
37.1	5.32	-2.15	1	0	1.024036132	-35.15334564	NAN	
37.2	5.315	-2.15	1	0	1.060683742	-34.95724653	NAN	
37.3	5.315	-2.15	1	0	1.095924267	-34.95724653	NAN	
37.4	5.31	-2.15	1	0	1.122853508	-34.76114742	NAN	
37.5	5.31	-2.15	1	0	1.13791476	-34.76114742	NAN	
37.6	5.3	-2.15	1	0	1.159956896	-34.3689492	NAN	
37.7	5.3	-2.15	1	0	1.170469991	-34.3689492	NAN	
37.8	5.295	-2.15	1	0	1.180381294	-34.17285009	NAN	
37.9	5.29	-2.15	1	0	1.197351243	-33.97675098	NAN	
38	5.285	-2.15	1	0	1.212806662	-33.78065187	NAN	
38.1	5.285	-2.15	1	0	1.222538343	-33.78065187	NAN	
38.2	5.28	-2.15	1	0	1.229552764	-33.58455276	NAN	
38.3	5.275	-2.15	1	0	1.23739646	-33.38845365	NAN	
38.4	5.27	-2.15	1	0	1.24	-33.19235454	NAN	
38.5	5.265	-2.15	1	0	1.239838699	-32.99625543	NAN	
38.6	5.265	-2.15	1	0	1.238386046	-32.99625543	NAN	
38.7	5.26	-2.15	1	0	1.229715414	-32.80015632	NAN	
38.8	5.255	-2.15	1	0	1.226723278	-32.60405721	NAN	
38.9	5.25	-2.15	1	0	1.219590095	-32.4079581	NAN	
39	5.25	-2.15	1	0	1.208221834	-32.4079581	NAN	
39.1	5.245	-2.15	1	0	1.200624837	-32.21185899	NAN	
39.2	5.24	-2.15	1	0	1.189726859	-32.01575988	NAN	
39.3	5.235	-2.15	1	0	1.178176557	-31.81966077	NAN	
39.4	5.23	-2.15	1	0	1.172923697	-31.62356166	NAN	
39.5	5.23	-2.15	1	0	1.160603291	-31.62356166	NAN	
39.6	5.225	-2.15	1	0	1.142409734	-31.42746255	NAN	
39.7	5.22	-2.15	1	0	1.11563883	-31.23136344	NAN	
39.8	5.215	-2.15	1	0	1.091764627	-31.03526433	NAN	
39.9	5.215	-2.15	1	0	1.052853266	-31.03526433	NAN	
40	5.21	-2.15	1	0	0.9864076237	-30.83916522	NAN	
40.1	5.205	-2.15	1	0	0.909697752	-30.64306611	NAN	
40.2	5.205	-2.15	1	0	0.8671793355	-30.64306611	NAN	
40.3	5.205	-2.15	1	0	0.7007852738	-30.64306611	NAN	
40.4	5.195	-2.15	1	0	0.4111569044	-30.25086789	NAN	
40.5	5.19	-2.15	1	0	0.2227105745	-30.05476878	NAN	
40.6	5.185	-2.15	1	0	0.1027131929	-29.85866967	NAN	
40.7	5.18	-2.15	1	0	0.09354143467	-29.66257056	NAN	
40.8	5.18	-2.15	1	0	0.1770593121	-29.66257056	NAN	
40.9	5.175	-2.15	1	0	0.3897435054	-29.46647145	NAN	
41	5.17	-2.15	1	0	0.5964478183	-29.27037234	NAN	
41.1	5.17	-2.15	1	0	0.7868608517	-29.27037234	NAN	
41.2	5.165	-2.15	1	0	0.8773254812	-29.07427323	NAN	
41.3	5.165	-2.15	1	0	0.9231467922	-29.07427323	NAN	
41.4	5.155	-2.15	1	0	0.9543584232	-28.68207501	NAN	
41.5	5.155	-2.15	1	0	0.943027041	-28.68207501	NAN	
41.6	5.15	-2.15	1	0	0.9414881837	-28.4859759	NAN	
41.7	5.145	-2.15	1	0	0.9037422199	-28.28987679	NAN	
41.8	5.14	-2.15	1	0	0.8751571287	-28.09377768	NAN	
41.9	5.14	-2.15	1	0	0.8248333165	-28.09377768	NAN	
42	5.135	-2.15	1	0	0.7714272487	-27.89767857	NAN	
42.1	5.13	-2.15	1	0	0.674277391	-27.70157946	NAN	
42.2	5.125	-2.15	1	0	0.6416774891	-27.50548035	NAN	
42.3	5.125	-2.15	1	0	0.5100980298	-27.50548035	NAN	
42.4	5.12	-2.15	1	0	0.4397726685	-27.30938124	NAN	
42.5	5.115	-2.15	1	0	0.4229066091	-27.11328213	NAN	
42.6	5.11	-2.15	1	0	0.4093897898	-26.91718302	NAN	
42.7	5.105	-2.15	1	0	0.4068783602	-26.72108391	NAN	
42.8	5.105	-2.15	1	0	0.395347948	-26.72108391	NAN	
42.9	5.1	-2.15	1	0	0.4502776921	-26.5249848	NAN	
43	5.09	-2.15	1	0	0.4401136217	-26.13278658	NAN	
43.1	5.09	-2.15	1	0	0.4748157537	-26.13278658	NAN	
43.2	5.085	-2.15	1	0	0.5078877829	-25.93668747	NAN	
43.3	5.085	-2.15	1	0	0.5561025085	-25.93668747	NAN	
43.4	5.08	-2.15	1	0	0.4853349359	-25.74058836	NAN	
43.5	5.075	-2.15	1	0	0.5127377497	-25.54448925	NAN	
43.6	5.07	-2.15	1	0	0.468027777	-25.34839014	NAN	
43.7	5.065	-2.15	1	0	0.4947726751	-25.15229103	NAN	
43.8	5.06	-2.15	1	0	0.4815599651	-24.95619192	NAN	
43.9	5.06	-2.15	1	0	0.5339007398	-24.95619192	NAN	
44	5.055	-2.15	1	0	0.4894384537	-24.76009281	NAN	
44.1	5.055	-2.15	1	0	0.4148493703	-24.76009281	NAN	
44.2	5.045	-2.15	1	0	0.3756327994	-24.36789459	NAN	
44.3	5.045	-2.15	1	0	0.3124899998	-24.36789459	NAN	
44.4	5.04	-2.15	1	0	0.2897412639	-24.17179548	NAN	
44.5	5.035	-2.15	1	0	0.2557342371	-23.97569637	NAN	
44.6	5.03	-2.15	1	0	0.2594224354	-23.77959726	NAN	
44.7	5.03	-2.15	1	0	0.2369599122	-23.77959726	NAN	
44.8	5.025	-2.15	1	0	0.1815213486	-23.58349815	NAN	
44.9	5.025	-2.15	1	0	0.1805547009	-23.58349815	NAN	
45	5.02	-2.15	1	0	0.1691153453	-23.38739904	NAN	
45.1	5.01	-2.15	1	0	0.1902629759	-22.99520082	NAN	
45.2	5.01	-2.15	1	0	0.2207940217	-22.99520082	NAN	
45.3	5.01	-2.15	1	0	0.2598076211	-22.99520082	NAN	
45.4	5.005	-2.15	1	0	0.2941088234	-22.79910171	NAN	
45.5	5.005	-2.15	1	0	0.3615245497	-22.79910171	NAN	
45.6	4.995	-2.15	1	0	0.4754471579	-22.40690349	NAN	
45.7	4.99	-2.15	1	0	0.5353503526	-22.21080438	NAN	
45.8	4.99	-2.15	1	0	0.6794483056	-22.21080438	NAN	
45.9	4.985	-2.15	1	0	0.7831666489	-22.01470527	NAN	
46	4.98	-2.15	1	0	0.8888194417	-21.81860616	NAN	
46.1	4.975	-2.15	1	0	0.9252297012	-21.62250705	NAN	
46.2	4.975	-2.15	1	0	0.9707471349	-21.62250705	NAN	
46.3	4.975	-2.15	1	0	0.9908834442	-21.62250705	NAN	
46.4	4.97	-2.15	1	0	1.019803903	-21.42640794	NAN	
46.5	4.97	-2.15	1	0	1.030291221	-21.42640794	NAN	
46.6	4.965	-2.15	1	0	1.040144221	-21.23030883	NAN	
46.7	4.96	-2.15	1	0	1.039422917	-21.03420972	NAN	
46.805	4.955	-2.15	1	0	1.010964886	-20.83811061	NAN	
46.914	4.95	-2.15	1	0	0.97897906	-20.6420115	NAN	
47	4.94	-2.15	1	0	0.9352005133	-20.24981328	NAN	
47.1	4.94	-2.15	1	0	0.9179596941	-20.24981328	NAN	
47.2	4.94	-2.15	1	0	0.8584870413	-20.24981328	NAN	
47.3	4.935	-2.15	1	0	0.7597367965	-20.05371417	NAN	
47.4	4.935	-2.15	1	0	0.5999166609	-20.05371417	NAN	
47.5	4.93	-2.15	1	0	0.3811823711	-19.85761506	NAN	
47.6	4.93	-2.15	1	0	0.2128379665	-19.85761506	NAN	
47.7	4.925	-2.15	1	0	0.2839894364	-19.66151595	NAN	
47.8	4.92	-2.15	1	0	0.6305949572	-19.46541684	NAN	
47.9	4.91	-2.15	1	0	0.9049861877	-19.07321862	NAN	
48	4.91	-2.15	1	0	1.030024272	-19.07321862	NAN	
48.1	4.905	-2.15	1	0	1.109617051	-18.87711951	NAN	
48.2	4.9	-2.15	1	0	1.163572086	-18.6810204	NAN	
48.3	4.895	-2.15	1	0	1.209297317	-18.48492129	NAN	
48.4	4.89	-2.15	1	0	1.242919949	-18.28882218	NAN	
48.5	4.885	-2.15	1	0	1.258153409	-18.09272307	NAN	
48.6	4.885	-2.15	1	0	1.29145267	-18.09272307	NAN	
48.7	4.885	-2.15	1	0	1.326555691	-18.09272307	NAN	
48.8	4.885	-2.15	1	0	1.351240171	-18.09272307	NAN	
48.9	4.88	-2.15	1	0	1.368648969	-17.89662396	NAN	
49	4.87	-2.15	1	0	1.378894485	-17.50442574	NAN	
49.1	4.86	-2.15	1	0	1.386650641	-17.11222752	NAN	
49.2	4.86	-2.15	1	0	1.392300255	-17.11222752	NAN	
49.3	4.85	-2.15	1	0	1.399964285	-16.7200293	NAN	
49.4	4.85	-2.15	1	0	1.404955515	-16.7200293	NAN	
49.5	4.845	-2.15	1	0	1.409787218	-16.52393019	NAN	
49.6	4.845	-2.15	1	0	1.410159565	-16.52393019	NAN	
49.7	4.845	-2.15	1	0	1.410141837	-16.52393019	NAN	
49.8	4.83	-2.15	1	0	1.410106379	-15.93563286	NAN	
49.9	4.825	-2.15	1	0	1.409982269	-15.73953375	NAN	
50	4.82	-2.15	1	0	1.407053659	-15.54343464	NAN	
50.1	4.82	-2.15	1	0	1.400035714	-15.54343464	NAN	
50.2	4.82	-2.15	1	0	1.390125894	-15.54343464	NAN	
50.3	4.815	-2.15	1	0	1.376081393	-15.34733553	NAN	
50.4	4.81	-2.15	1	0	1.35882302	-15.15123642	NAN	
50.5	4.8	-2.15	1	0	1.334878272	-14.7590382	NAN	
50.6	4.8	-2.15	1	0	1.295048262	-14.7590382	NAN	
50.7	4.795	-2.15	1	0	1.252277924	-14.56293909	NAN	
50.8	4.79	-2.15	1	0	1.208842421	-14.36683998	NAN	
50.9	4.79	-2.15	1	0	1.166061748	-14.36683998	NAN	
51	4.785	-2.15	1	0	1.105667219	-14.17074087	NAN	
51.1	4.775	-2.15	1	0	1.019681323	-13.77854265	NAN	
51.2	4.77	-2.15	1	0	0.9570005225	-13.58244354	NAN	
51.3	4.765	-2.15	1	0	0.7377669009	-13.38634443	NAN	
51.4	4.765	-2.15	1	0	0.4088398219	-13.38634443	NAN	
51.5	4.765	-2.15	1	0	0.2417643481	-13.38634443	NAN	
51.6	4.76	-2.15	1	0	0.3978064856	-13.19024532	NAN	
51.7	4.76	-2.15	1	0	0.6255797311	-13.19024532	NAN	
51.8	4.76	-2.15	1	0	0.8062257748	-13.19024532	NAN	
51.9	4.755	-2.15	1	0	0.8932804711	-12.99414621	NAN	
52	4.745	-2.15	1	0	0.9471272354	-12.60194799	NAN	
52.1	4.735	-2.15	1	0	0.9829292955	-12.20974977	NAN	
52.2	4.735	-2.15	1	0	1.013188038	-12.20974977	NAN	
52.3	4.735	-2.15	1	0	1.018356519	-12.20974977	NAN	
52.4	4.735	-2.15	1	0	1.000299955	-12.20974977	NAN	
52.5	4.73	-2.15	1	0	0.9924464721	-12.01365066	NAN	
52.6	4.73	-2.15	1	0	0.9696906723	-12.01365066	NAN	
52.7	4.725	-2.15	1	0	0.9392284067	-11.81755155	NAN	
52.8	4.715	-2.15	1	0	0.9162150403	-11.42535333	NAN	
52.9	4.71	-2.15	1	0	0.8611039426	-11.22925422	NAN	
53	4.71	-2.15	1	0	0.8189627586	-11.22925422	NAN	
53.1	4.71	-2.15	1	0	0.704237176	-11.22925422	NAN	
53.2	4.695	-2.15	1	0	0.5938855109	-10.64095689	NAN	
53.3	4.69	-2.15	1	0	0.4856953778	-10.44485778	NAN	
53.4	4.685	-2.15	1	0	0.3580502758	-10.24875867	NAN	
53.5	4.685	-2.15	1	0	0.2028546278	-10.24875867	NAN	
53.6	4.685	-2.15	1	0	0.1185326959	-10.24875867	NAN	
53.7	4.685	-2.15	1	0	0.08717797887	-10.24875867	NAN	
53.8	4.665	-2.15	1	0	0.1334166406	-9.46436223	NAN	
53.9	4.665	-2.15	1	0	0.1153256259	-9.46436223	NAN	
54	4.665	-2.15	1	0	0.1060660172	-9.46436223	NAN	
54.1	4.665	-2.15	1	0	0.068556546	-9.46436223	NAN	
54.2	4.66	-2.15	1	0	0.05916079783	-9.26826312	NAN	
54.3	4.655	-2.15	1	0	0.1009950494	-9.07216401	NAN	
54.4	4.655	-2.15	1	0	0.1398213145	-9.07216401	NAN	
54.5	4.655	-2.15	1	0	0.1303840481	-9.07216401	NAN	
54.6	4.645	-2.15	1	0	0.1454303957	-8.67996579	NAN	
54.7	4.645	-2.15	1	0	0.1787456293	-8.67996579	NAN	
54.8	4.635	-2.15	1	0	0.2182887995	-8.28776757	NAN	
54.9	4.635	-2.15	1	0	0.2503996805	-8.28776757	NAN	
55	4.63	-2.15	1	0	0.2791952722	-8.09166846	NAN	
55.1	4.63	-2.15	1	0	0.30975797	-8.09166846	NAN	
55.2	4.63	-2.15	1	0	0.3329414363	-8.09166846	NAN	
55.3	4.61	-2.15	1	0	0.3419795316	-7.30727202	NAN	
55.4	4.61	-2.15	1	0	0.3872983346	-7.30727202	NAN	
55.5	4.605	-2.15	1	0	0.411703777	-7.11117291	NAN	
55.6	4.605	-2.15	1	0	0.3776241518	-7.11117291	NAN	
55.7	4.6	-2.15	1	0	0.3301514804	-6.9150738	NAN	
55.8	4.595	-2.15	1	0	0.2365375235	-6.71897469	NAN	
55.9	4.59	-2.15	1	0	0.173060683	-6.52287558	NAN	
56	4.59	-2.15	1	0	0.1014889157	-6.52287558	NAN	
56.1	4.59	-2.15	1	0	0.09924716621	-6.52287558	NAN	
56.2	4.585	-2.15	1	0	0.2162174831	-6.32677647	NAN	
56.3	4.585	-2.15	1	0	0.3109662361	-6.32677647	NAN	
56.4	4.585	-2.15	1	0	0.3710795063	-6.32677647	NAN	
56.5	4.58	-2.15	1	0	0.5261178575	-6.13067736	NAN	
56.6	4.57	-2.15	1	0	0.7059036761	-5.73847914	NAN	
56.7	4.565	-2.15	1	0	0.820548597	-5.54238003	NAN	
56.8	4.555	-2.15	1	0	0.9185858697	-5.15018181	NAN	
56.9	4.55	-2.15	1	0	0.9648056799	-4.9540827	NAN	
57	4.55	-2.15	1	0	0.9759866802	-4.9540827	NAN	
57.1	4.545	-2.15	1	0	0.9786981148	-4.75798359	NAN	
57.2	4.545	-2.15	1	0	1.000025	-4.75798359	NAN	
57.3	4.545	-2.15	1	0	1.001998004	-4.75798359	NAN	
57.4	4.54	-2.15	1	0	1.001748471	-4.56188448	NAN	
57.5	4.53	-2.15	1	0	1.006479011	-4.16968626	NAN	
57.6	4.53	-2.15	1	0	0.9781615409	-4.16968626	NAN	
57.7	4.53	-2.15	1	0	0.929166293	-4.16968626	NAN	
57.8	4.525	-2.15	1	0	0.8494409927	-3.97358715	NAN	
57.9	4.51	-2.15	1	0	0.6615512074	-3.38528982	NAN	
58	4.505	-2.15	1	0	0.5372150407	-3.18919071	NAN	
58.1	4.505	-2.15	1	0	0.5290085065	-3.18919071	NAN	
58.2	4.505	-2.15	1	0	0.7216300992	-3.18919071	NAN	
58.3	4.505	-2.15	1	0	0.920163029	-3.18919071	NAN	
58.4	4.5	-2.15	1	0	1.047449283	-2.9930916	NAN	
58.5	4.495	-2.15	1	0	1.143918703	-2.79699249	NAN	
58.6	4.485	-2.15	1	0	1.208242525	-2.40479427	NAN	
58.7	4.475	-2.15	1	0	1.263210196	-2.01259605	NAN	
58.8	4.47	-2.15	1	0	1.318161599	-1.81649694	NAN	
58.9	4.47	-2.15	1	0	1.352238884	-1.81649694	NAN	
59	4.47	-2.15	1	0	1.371258546	-1.81649694	NAN	
59.1	4.465	-2.15	1	0	1.388110226	-1.62039783	NAN	
59.2	4.465	-2.15	1	0	1.4	-1.62039783	NAN	
59.3	4.465	-2.15	1	0	1.41008865	-1.62039783	NAN	
59.4	4.46	-2.15	1	0	1.410815367	-1.42429872	NAN	
59.5	4.455	-2.15	1	0	1.411630263	-1.22819961	NAN	
59.6	4.445	-2.15	1	0	1.411647973	-0.83600139	NAN	
59.7	4.44	-2.15	1	0	1.412444689	-0.63990228	NAN	
59.8	4.435	-2.15	1	0	1.412993277	-0.44380317	NAN	
59.9	4.43	-2.15	1	0	1.413064047	-0.24770406	NAN	
60	4.43	-2.15	1	0	1.41295789	-0.24770406	NAN	
60.1	4.43	-2.15	1	0	1.412072944	-0.24770406	NAN	
60.2	4.43	-2.15	1	0	1.41201983	-0.24770406	NAN	
60.3	4.425	-2.15	1	0	1.411754228	-0.05160495	NAN	
60.4	4.415	-2.15	1	0	1.411523999	0.34059327	NAN	
60.5	4.405	-2.15	1	0	1.409964539	0.73279149	NAN	
60.6	4.4	-2.15	1	0	1.400660558	0.9288906	NAN	
60.7	4.4	-2.15	1	0	1.400017857	0.9288906	NAN	
60.8	4.4	-2.15	1	0	1.399857136	0.9288906	NAN	
60.9	4.4	-2.15	1	0	1.389982014	0.9288906	NAN	
61	4.39	-2.15	1	0	1.371003282	1.32108882	NAN	
61.1	4.38	-2.15	1	0	1.342572158	1.71328704	NAN	
61.2	4.38	-2.15	1	0	1.302478407	1.71328704	NAN	
61.3	4.38	-2.15	1	0	1.25463142	1.71328704	NAN	
61.4	4.38	-2.15	1	0	1.204636875	1.71328704	NAN	
61.5	4.375	-2.15	1	0	1.151477312	1.90938615	NAN	
61.6	4.375	-2.15	1	0	1.086116937	1.90938615	NAN	
61.7	4.36	-2.15	1	0	1.020490078	2.49768348	NAN	
61.8	4.355	-2.15	1	0	0.9318798206	2.69378259	NAN	
61.9	4.355	-2.15	1	0	0.7593088963	2.69378259	NAN	
62	4.35	-2.15	1	0	0.3673554137	2.8898817	NAN	
62.1	4.34	-2.15	1	0	0.2387467277	3.28207992	NAN	
62.2	4.34	-2.15	1	0	0.3996248241	3.28207992	NAN	
62.3	4.335	-2.15	1	0	0.6598484675	3.47817903	NAN	
62.4	4.335	-2.15	1	0	0.8087954006	3.47817903	NAN	
62.5	4.33	-2.15	1	0	0.90346555	3.67427814	NAN	
62.6	4.325	-2.15	1	0	0.9491311817	3.87037725	NAN	
62.706	4.32	-2.15	1	0	0.9744998717	4.06647636	NAN	
62.8	4.315	-2.15	1	0	1.00134909	4.26257547	NAN	
62.9	4.315	-2.15	1	0	1.020686044	4.26257547	NAN	
63	4.31	-2.15	1	0	1.031503757	4.45867458	NAN	
63.1	4.31	-2.15	1	0	1.02774024	4.45867458	NAN	
63.2	4.305	-2.15	1	0	0.9933780751	4.65477369	NAN	
63.3	4.3	-2.15	1	0	0.9336755325	4.8508728	NAN	
63.4	4.295	-2.15	1	0	0.8867919711	5.04697191	NAN	
63.5	4.29	-2.15	1	0	0.8678997638	5.24307102	NAN	
63.6	4.285	-2.15	1	0	0.8174655956	5.43917013	NAN	
63.7	4.28	-2.15	1	0	0.7314027618	5.63526924	NAN	
63.8	4.28	-2.15	1	0	0.5484067833	5.63526924	NAN	
63.9	4.275	-2.15	1	0	0.405339364	5.83136835	NAN	
64	4.27	-2.15	1	0	0.3206243908	6.02746746	NAN	
64.1	4.27	-2.15	1	0	0.3296209945	6.02746746	NAN	
64.2	4.265	-2.15	1	0	0.2997498957	6.22356657	NAN	
64.3	4.26	-2.15	1	0	0.22	6.41966568	NAN	
64.4	4.255	-2.15	1	0	0.2019900988	6.61576479	NAN	
64.5	4.255	-2.15	1	0	0.3065941943	6.61576479	NAN	
64.6	4.25	-2.15	1	0	0.4023058538	6.8118639	NAN	
64.7	4.25	-2.15	1	0	0.4628714724	6.8118639	NAN	
64.8	4.245	-2.15	1	0	0.4895916666	7.00796301	NAN	
64.9	4.235	-2.15	1	0	0.5063101816	7.40016123	NAN	
65	4.23	-2.15	1	0	0.5570008977	7.59626034	NAN	
65.1	4.225	-2.15	1	0	0.6496152708	7.79235945	NAN	
65.2	4.225	-2.15	1	0	0.7777531742	7.79235945	NAN	
65.3	4.22	-2.15	1	0	0.8259237253	7.98845856	NAN	
65.4	4.215	-2.15	1	0	0.8374664172	8.18455767	NAN	
65.5	4.215	-2.15	1	0	0.8001562347	8.18455767	NAN	
65.6	4.21	-2.15	1	0	0.7504332082	8.38065678	NAN	
65.7	4.21	-2.15	1	0	0.7408103671	8.38065678	NAN	
65.8	4.2	-2.15	1	0	0.7057619995	8.772855	NAN	
65.9	4.195	-2.15	1	0	0.6526867549	8.96895411	NAN	
66	4.195	-2.15	1	0	0.6135959583	8.96895411	NAN	
66.1	4.19	-2.15	1	0	0.514003891	9.16505322	NAN	
66.2	4.185	-2.15	1	0	0.5014977567	9.36115233	NAN	
66.3	4.18	-2.15	1	0	0.465832588	9.55725144	NAN	
66.4	4.175	-2.15	1	0	0.4156320488	9.75335055	NAN	
66.5	4.17	-2.15	1	0	0.3261901286	9.94944966	NAN	
66.6	4.17	-2.15	1	0	0.2310844002	9.94944966	NAN	
66.7	4.165	-2.15	1	0	0.2689795531	10.14554877	NAN	
66.8	4.16	-2.15	1	0	0.3591656999	10.34164788	NAN	
66.9	4.16	-2.15	1	0	0.5518151865	10.34164788	NAN	
67	4.155	-2.15	1	0	0.7529940239	10.53774699	NAN	
67.1	4.15	-2.15	1	0	0.8382123836	10.7338461	NAN	
67.2	4.15	-2.15	1	0	0.8853247992	10.7338461	NAN	
67.3	4.145	-2.15	1	0	0.9208148565	10.92994521	NAN	
67.4	4.14	-2.15	1	0	0.9276852915	11.12604432	NAN	
67.5	4.135	-2.15	1	0	0.9292739101	11.32214343	NAN	
67.6	4.135	-2.15	1	0	0.9336219792	11.32214343	NAN	
67.7	4.125	-2.15	1	0	0.9208691547	11.71434165	NAN	
67.8	4.125	-2.15	1	0	0.8837986196	11.71434165	NAN	
67.9	4.125	-2.15	1	0	0.8474668135	11.71434165	NAN	
68	4.12	-2.15	1	0	0.7865430694	11.91044076	NAN	
68.1	4.11	-2.15	1	0	0.6493458247	12.30263898	NAN	
68.2	4.11	-2.15	1	0	0.5453439282	12.30263898	NAN	
68.3	4.11	-2.15	1	0	0.3845126786	12.30263898	NAN	
68.4	4.105	-2.15	1	0	0.279553215	12.49873809	NAN	
68.5	4.1	-2.15	1	0	0.3826225294	12.6948372	NAN	
68.6	4.09	-2.15	1	0	0.6228563237	13.08703542	NAN	
68.7	4.09	-2.15	1	0	0.8444820898	13.08703542	NAN	
68.8	4.08	-2.15	1	0	0.9480242613	13.47923364	NAN	
68.9	4.08	-2.15	1	0	1.024573082	13.47923364	NAN	
69	4.075	-2.15	1	0	1.057922492	13.67533275	NAN	
69.1	4.07	-2.15	1	0	1.108580173	13.87143186	NAN	
69.2	4.07	-2.15	1	0	1.150499891	13.87143186	NAN	
69.3	4.065	-2.15	1	0	1.182624201	14.06753097	NAN	
69.4	4.06	-2.15	1	0	1.215935854	14.26363008	NAN	
69.5	4.055	-2.15	1	0	1.244266852	14.45972919	NAN	
69.6	4.055	-2.15	1	0	1.275009804	14.45972919	NAN	
69.7	4.05	-2.15	1	0	1.301979263	14.6558283	NAN	
69.8	4.045	-2.15	1	0	1.31899583	14.85192741	NAN	
69.9	4.04	-2.15	1	0	1.329793217	15.04802652	NAN	
70	4.04	-2.15	1	0	1.338824111	15.04802652	NAN	
70.102	4.035	-2.15	1	0	1.340746061	15.24412563	NAN	
70.212	4.03	-2.15	1	0	1.346421182	15.44022474	NAN	
70.3	4.025	-2.15	1	0	1.348906965	15.63632385	NAN	
70.4	4.02	-2.15	1	0	1.350018518	15.83242296	NAN	
70.5	4.015	-2.15	1	0	1.350240719	16.02852207	NAN	
70.6	4.01	-2.15	1	0	1.350222204	16.22462118	NAN	
70.7	4.01	-2.15	1	0	1.349870364	16.22462118	NAN	
70.8	4.005	-2.15	1	0	1.340727415	16.42072029	NAN	
70.9	4	-2.15	1	0	1.334072712	16.6168194	NAN	
71	3.995	-2.15	1	0	1.327120944	16.81291851	NAN	
71.1	3.99	-2.15	1	0	1.317156027	17.00901762	NAN	
71.2	3.99	-2.15	1	0	1.301191761	17.00901762	NAN	
71.3	3.985	-2.15	1	0	1.278104065	17.20511673	NAN	
71.4	3.985	-2.15	1	0	1.245672509	17.20511673	NAN	
71.5	3.98	-2.15	1	0	1.217004519	17.40121584	NAN	
71.6	3.975	-2.15	1	0	1.195721539	17.59731495	NAN	
71.7	3.97	-2.15	1	0	1.184926158	17.79341406	NAN	
71.8	3.965	-2.15	1	0	1.164237948	17.98951317	NAN	
71.9	3.96	-2.15	1	0	1.133512241	18.18561228	NAN	
72	3.96	-2.15	1	0	1.095331	18.18561228	NAN	
72.1	3.955	-2.15	1	0	1.039134255	18.38171139	NAN	
72.2	3.95	-2.15	1	0	0.9628343575	18.5778105	NAN	
72.3	3.95	-2.15	1	0	0.8709190548	18.5778105	NAN	
72.4	3.945	-2.15	1	0	0.7659634456	18.77390961	NAN	
72.5	3.94	-2.15	1	0	0.5806892456	18.97000872	NAN	
72.6	3.935	-2.15	1	0	0.3799342048	19.16610783	NAN	
72.7	3.93	-2.15	1	0	0.2583602137	19.36220694	NAN	
72.8	3.925	-2.15	1	0	0.22056745	19.55830605	NAN	
72.9	3.92	-2.15	1	0	0.2757716447	19.75440516	NAN	
73	3.915	-2.15	1	0	0.4153913817	19.95050427	NAN	
73.1	3.915	-2.15	1	0	0.5053711507	19.95050427	NAN	
73.2	3.91	-2.15	1	0	0.6232976817	20.14660338	NAN	
73.3	3.91	-2.15	1	0	0.6523802572	20.14660338	NAN	
73.4	3.905	-2.15	1	0	0.674722165	20.34270249	NAN	
73.5	3.9	-2.15	1	0	0.6897825744	20.5388016	NAN	
73.6	3.895	-2.15	1	0	0.708942875	20.73490071	NAN	
73.7	3.89	-2.15	1	0	0.7080607319	20.93099982	NAN	
73.8	3.885	-2.15	1	0	0.6612488185	21.12709893	NAN	
73.9	3.885	-2.15	1	0	0.5951890456	21.12709893	NAN	
74	3.88	-2.15	1	0	0.4918841327	21.32319804	NAN	
74.1	3.875	-2.15	1	0	0.373965239	21.51929715	NAN	
74.2	3.875	-2.15	1	0	0.3737646318	21.51929715	NAN	
74.3	3.87	-2.15	1	0	0.339705755	21.71539626	NAN	
74.4	3.865	-2.15	1	0	0.3061862178	21.91149537	NAN	
74.5	3.86	-2.15	1	0	0.2420743687	22.10759448	NAN	
74.6	3.86	-2.15	1	0	0.1629417074	22.10759448	NAN	
74.7	3.855	-2.15	1	0	0.1508310313	22.30369359	NAN	
74.8	3.855	-2.15	1	0	0.129614814	22.30369359	NAN	
74.9	3.85	-2.15	1	0	0.1643167673	22.4997927	NAN	
75	3.845	-2.15	1	0	0.1426534262	22.69589181	NAN	
75.1	3.845	-2.15	1	0	0.2295648057	22.69589181	NAN	
75.2	3.84	-2.15	1	0	0.2665520587	22.89199092	NAN	
75.3	3.835	-2.15	1	0	0.3529872519	23.08809003	NAN	
75.4	3.83	-2.15	1	0	0.4881598099	23.28418914	NAN	
75.5	3.825	-2.15	1	0	0.5271622141	23.48028825	NAN	
75.6	3.825	-2.15	1	0	0.5564171097	23.48028825	NAN	
75.7	3.82	-2.15	1	0	0.6380047022	23.67638736	NAN	
75.8	3.815	-2.15	1	0	0.6548663986	23.87248647	NAN	
75.9	3.81	-2.15	1	0	0.7167286795	24.06858558	NAN	
76	3.805	-2.15	1	0	0.7689603371	24.26468469	NAN	
76.1	3.8	-2.15	1	0	0.8119421162	24.4607838	NAN	
76.2	3.795	-2.15	1	0	0.8419323013	24.65688291	NAN	
76.3	3.795	-2.15	1	0	0.8458132182	24.65688291	NAN	
76.4	3.79	-2.15	1	0	0.8760707734	24.85298202	NAN	
76.5	3.785	-2.15	1	0	0.89758008	25.04908113	NAN	
76.6	3.785	-2.15	1	0	0.8803976374	25.04908113	NAN	
76.7	3.78	-2.15	1	0	0.8511756575	25.24518024	NAN	
76.8	3.77	-2.15	1	0	0.8145244011	25.63737846	NAN	
76.9	3.77	-2.15	1	0	0.7617742448	25.63737846	NAN	
77	3.765	-2.15	1	0	0.647958332	25.83347757	NAN	
77.1	3.76	-2.15	1	0	0.5254997621	26.02957668	NAN	
77.2	3.755	-2.15	1	0	0.4518296139	26.22567579	NAN	
77.3	3.755	-2.15	1	0	0.4492771973	26.22567579	NAN	
77.4	3.75	-2.15	1	0	0.300499584	26.4217749	NAN	
77.5	3.75	-2.15	1	0	0.2335594143	26.4217749	NAN	
77.6	3.74	-2.15	1	0	0.1483239697	26.81397312	NAN	
77.7	3.735	-2.15	1	0	0.171464282	27.01007223	NAN	
77.8	3.735	-2.15	1	0	0.07071067812	27.01007223	NAN	
77.9	3.73	-2.15	1	0	0.06708203932	27.20617134	NAN	
78	3.725	-2.15	1	0	0.05830951895	27.40227045	NAN	
78.1	3.72	-2.15	1	0	0.1063014581	27.59836956	NAN	
78.2	3.72	-2.15	1	0	0.1780449381	27.59836956	NAN	
78.3	3.715	-2.15	1	0	0.2605762844	27.79446867	NAN	
78.4	3.71	-2.15	1	0	0.3503569608	27.99056778	NAN	
78.5	3.705	-2.15	1	0	0.5249285666	28.18666689	NAN	
78.6	3.705	-2.15	1	0	0.5615603262	28.18666689	NAN	
78.7	3.7	-2.15	1	0	0.6695520891	28.382766	NAN	
78.8	3.695	-2.15	1	0	0.741586138	28.57886511	NAN	
78.9	3.69	-2.15	1	0	0.7137226352	28.77496422	NAN	
79	3.685	-2.15	1	0	0.7094011559	28.97106333	NAN	
79.1	3.685	-2.15	1	0	0.7105279727	28.97106333	NAN	
79.2	3.68	-2.15	1	0	0.6306742424	29.16716244	NAN	
79.3	3.68	-2.15	1	0	0.5837379549	29.16716244	NAN	
79.4	3.68	-2.15	1	0	0.5642694392	29.16716244	NAN	
79.5	3.68	-2.15	1	0	0.5042816673	29.16716244	NAN	
79.6	3.675	-2.15	1	0	0.3957903485	29.36326155	NAN	
79.7	3.67	-2.15	1	0	0.4006245125	29.55936066	NAN	
79.8	3.665	-2.15	1	0	0.4284273567	29.75545977	NAN	
79.9	3.665	-2.15	1	0	0.469893605	29.75545977	NAN	
80	3.66	-2.15	1	0	0.544242593	29.95155888	NAN	
80.1	3.65	-2.15	1	0	0.6500769185	30.3437571	NAN	
80.2	3.65	-2.15	1	0	0.7666485505	30.3437571	NAN	
80.3	3.65	-2.15	1	0	0.8495292814	30.3437571	NAN	
80.4	3.645	-2.15	1	0	0.9105492848	30.53985621	NAN	
80.5	3.635	-2.15	1	0	0.9728823156	30.93205443	NAN	
80.6	3.635	-2.15	1	0	1.015874008	30.93205443	NAN	
80.7	3.635	-2.15	1	0	1.055888252	30.93205443	NAN	
80.8	3.63	-2.15	1	0	1.090022936	31.12815354	NAN	
80.9	3.62	-2.15	1	0	1.11792218	31.52035176	NAN	
81	3.615	-2.15	1	0	1.13388712	31.71645087	NAN	
81.1	3.615	-2.15	1	0	1.148738438	31.71645087	NAN	
81.2	3.6	-2.15	1	0	1.157972366	32.3047482	NAN	
81.305	3.6	-2.15	1	0	1.16056021	32.3047482	NAN	
81.414	3.6	-2.15	1	0	1.169551196	32.3047482	NAN	
81.5	3.595	-2.15	1	0	1.171217315	32.50084731	NAN	
81.6	3.585	-2.15	1	0	1.179682161	32.89304553	NAN	
81.7	3.585	-2.15	1	0	1.179936439	32.89304553	NAN	
81.8	3.58	-2.15	1	0	1.181291666	33.08914464	NAN	
81.9	3.575	-2.15	1	0	1.18	33.28524375	NAN	
82	3.575	-2.15	1	0	1.174010221	33.28524375	NAN	
82.1	3.57	-2.15	1	0	1.169487067	33.48134286	NAN	
82.2	3.565	-2.15	1	0	1.169935896	33.67744197	NAN	
82.3	3.56	-2.15	1	0	1.169508444	33.87354108	NAN	
82.4	3.56	-2.15	1	0	1.159956896	33.87354108	NAN	
82.5	3.55	-2.15	1	0	1.150869237	34.2657393	NAN	
82.6	3.55	-2.15	1	0	1.14273794	34.2657393	NAN	
82.7	3.545	-2.15	1	0	1.13997807	34.46183841	NAN	
82.8	3.54	-2.15	1	0	1.13121616	34.65793752	NAN	
82.9	3.535	-2.15	1	0	1.111642928	34.85403663	NAN	
83	3.535	-2.15	1	0	1.086209004	34.85403663	NAN	
83.1	3.53	-2.15	1	0	1.046135746	35.05013574	NAN	
83.2	3.525	-2.15	1	0	0.9745511787	35.24623485	NAN	
83.3	3.525	-2.15	1	0	0.9068351559	35.24623485	NAN	
83.4	3.52	-2.15	1	0	0.8339364484	35.44233396	NAN	
83.5	3.515	-2.15	1	0	0.7404390589	35.63843307	NAN	
83.6	3.51	-2.15	1	0	0.6001666435	35.83453218	NAN	
83.7	3.505	-2.15	1	0	0.491426495	36.03063129	NAN	
83.8	3.5	-2.15	1	0	0.4556862956	36.2267304	NAN	
83.9	3.5	-2.15	1	0	0.4453088816	36.2267304	NAN	
84	3.495	-2.15	1	0	0.4584212037	36.42282951	NAN	
84.1	3.49	-2.15	1	0	0.4370926675	36.61892862	NAN	
84.2	3.485	-2.15	1	0	0.4181506905	36.81502773	NAN	
84.3	3.48	-2.15	1	0	0.4187481343	37.01112684	NAN	
84.4	3.48	-2.15	1	0	0.3633180425	37.01112684	NAN	
84.5	3.475	-2.15	1	0	0.4427188724	37.20722595	NAN	
84.6	3.47	-2.15	1	0	0.423792402	37.40332506	NAN	
84.7	3.47	-2.15	1	0	0.3171750305	37.40332506	NAN	
84.8	3.465	-2.15	1	0	0.2775788176	37.59942417	NAN	
84.9	3.46	-2.15	1	0	0.2369599122	37.79552328	NAN	
85	3.46	-2.15	1	0	0.1862793601	37.79552328	NAN	
85.1	3.455	-2.15	1	0	0.1909188309	37.99162239	NAN	
85.2	3.45	-2.15	1	0	0.2272663635	38.1877215	NAN	
85.3	3.445	-2.15	1	0	0.3204684072	38.38382061	NAN	
85.4	3.445	-2.15	1	0	0.3269556545	38.38382061	NAN	
85.5	3.44	-2.15	1	0	0.3760319135	38.57991972	NAN	
85.6	3.44	-2.15	1	0	0.4945199693	38.57991972	NAN	
85.7	3.435	-2.15	1	0	0.4517189392	38.77601883	NAN	
85.8	3.435	-2.15	1	0	0.5684628396	38.77601883	NAN	
85.9	3.43	-2.15	1	0	0.5971599451	38.97211794	NAN	
86	3.42	-2.15	1	0	0.6101229384	39.36431616	NAN	
86.1	3.42	-2.15	1	0	0.5886849752	39.36431616	NAN	
86.2	3.415	-2.15	1	0	0.5072474741	39.56041527	NAN	
86.3	3.41	-2.15	1	0	0.4846132479	39.75651438	NAN	
86.4	3.405	-2.15	1	0	0.3813790765	39.95261349	NAN	
86.5	3.4	-2.15	1	0	0.3664014192	40.1487126	NAN	
86.6	3.4	-2.15	1	0	0.4572745346	40.1487126	NAN	
86.7	3.395	-2.15	1	0	0.5467632029	40.34481171	NAN	
86.8	3.395	-2.15	1	0	0.5608029957	40.34481171	NAN	
86.9	3.39	-2.15	1	0	0.4988486744	40.54091082	NAN	
87	3.385	-2.15	1	0	0.3877499194	40.73700993	NAN	
87.1	3.38	-2.15	1	0	0.3283291032	40.93310904	NAN	
87.2	3.375	-2.15	1	0	0.3523492585	41.12920815	NAN	
87.3	3.375	-2.15	1	0	0.3894868419	41.12920815	NAN	
87.4	3.37	-2.15	1	0	0.339411255	41.32530726	NAN	
87.5	3.365	-2.15	1	0	0.28609439	41.52140637	NAN	
87.6	3.36	-2.15	1	0	0.3918545649	41.71750548	NAN	
87.7	3.36	-2.15	1	0	0.3536947837	41.71750548	NAN	
87.8	3.355	-2.15	1	0	0.4693080012	41.91360459	NAN	
87.9	3.35	-2.15	1	0	0.429825546	42.1097037	NAN	
88	3.345	-2.15	1	0	0.3997499218	42.30580281	NAN	
88.1	3.34	-2.15	1	0	0.3798025803	42.50190192	NAN	
88.2	3.34	-2.15	1	0	0.3702026472	42.50190192	NAN	
88.3	3.335	-2.15	1	0	0.3447462835	42.69800103	NAN	
88.4	3.33	-2.15	1	0	0.2060339778	42.89410014	NAN	
88.5	3.33	-2.15	1	0	0.1723368794	42.89410014	NAN	
88.6	3.325	-2.15	1	0	0.1861451047	43.09019925	NAN	
88.7	3.32	-2.15	1	0	0.2722131518	43.28629836	NAN	
88.8	3.32	-2.15	1	0	0.22737634	43.28629836	NAN	
88.9	3.31	-2.15	1	0	0.1659819267	43.67849658	NAN	
89	3.31	-2.15	1	0	0.16673332	43.67849658	NAN	
89.1	3.3	-2.15	1	0	0.35665109	44.0706948	NAN	
89.2	3.3	-2.15	1	0	0.3041381265	44.0706948	NAN	
89.3	3.295	-2.15	1	0	0.1326649916	44.26679391	NAN	
89.4	3.29	-2.15	1	0	0.1554027027	44.46289302	NAN	
89.5	3.29	-2.15	1	0	0.1659819267	44.46289302	NAN	
89.6	3.285	-2.15	1	0	0.2080865205	44.65899213	NAN	
89.7	3.28	-2.15	1	0	0.2269361144	44.85509124	NAN	
89.8	3.28	-2.15	1	0	0.2614383292	44.85509124	NAN	
89.9	3.275	-2.15	1	0	0.3446737588	45.05119035	NAN	
90	3.27	-2.15	1	0	0.3790778284	45.24728946	NAN	
90.1	3.265	-2.15	1	0	0.3624224055	45.44338857	NAN	
90.2	3.265	-2.15	1	0	0.3156738824	45.44338857	NAN	
90.3	3.26	-2.15	1	0	0.3183551476	45.63948768	NAN	
90.4	3.255	-2.15	1	0	0.3381567684	45.83558679	NAN	
90.5	3.25	-2.15	1	0	0.34278273	46.0316859	NAN	
90.6	3.245	-2.15	1	0	0.2828427125	46.22778501	NAN	
90.7	3.24	-2.15	1	0	0.1146734494	46.42388412	NAN	
90.8	3.235	-2.15	1	0	0.04527692569	46.61998323	NAN	
90.9	3.235	-2.15	1	0	0.08746427842	46.61998323	NAN	
91	3.23	-2.15	1	0	0.1668831927	46.81608234	NAN	
91.1	3.23	-2.15	1	0	0.2155226206	46.81608234	NAN	
91.2	3.22	-2.15	1	0	0.161245155	47.20828056	NAN	
91.3	3.215	-2.15	1	0	0.1111305539	47.40437967	NAN	
91.4	3.215	-2.15	1	0	0.04062019202	47.40437967	NAN	
91.5	3.21	-2.15	1	0	0.04183300133	47.60047878	NAN	
91.6	3.205	-2.15	1	0	0.162788206	47.79657789	NAN	
91.7	3.2	-2.15	1	0	0.2842534081	47.992677	NAN	
91.8	3.195	-2.15	1	0	0.2793743009	48.18877611	NAN	
91.9	3.195	-2.15	1	0	0.2712931993	48.18877611	NAN	
92	3.19	-2.15	1	0	0.2836370921	48.38487522	NAN	
92.1	3.185	-2.15	1	0	0.3090307428	48.58097433	NAN	
92.2	3.185	-2.15	1	0	0.390960356	48.58097433	NAN	
92.3	3.175	-2.15	1	0	0.4112177039	48.97317255	NAN	
92.4	3.175	-2.15	1	0	0.4339354791	48.97317255	NAN	
92.5	3.17	-2.15	1	0	0.3828184949	49.16927166	NAN	
92.6	3.17	-2.15	1	0	0.3090307428	49.16927166	NAN	
92.7	3.165	-2.15	1	0	0.2994160984	49.36537077	NAN	
92.8	3.16	-2.15	1	0	0.2610555496	49.56146988	NAN	
92.9	3.155	-2.15	1	0	0.2570019455	49.75756899	NAN	
93	3.15	-2.15	1	0	0.2915475947	49.9536681	NAN	
93.1	3.145	-2.15	1	0	0.3461935875	50.14976721	NAN	
93.2	3.14	-2.15	1	0	0.4293017587	50.34586632	NAN	
93.3	3.135	-2.15	1	0	0.5397221507	50.54196543	NAN	
93.4	3.135	-2.15	1	0	0.5655970297	50.54196543	NAN	
93.5	3.13	-2.15	1	0	0.5823229345	50.73806454	NAN	
93.6	3.13	-2.15	1	0	0.6102458521	50.73806454	NAN	
93.7	3.125	-2.15	1	0	0.6239791663	50.93416365	NAN	
93.8	3.12	-2.15	1	0	0.5616938668	51.13026276	NAN	
93.9	3.115	-2.15	1	0	0.4312771731	51.32636187	NAN	
94	3.11	-2.15	1	0	0.3193743885	51.52246098	NAN	
94.1	3.105	-2.15	1	0	0.200124961	51.71856009	NAN	
94.2	3.1	-2.15	1	0	0.3231872522	51.9146592	NAN	
94.3	3.1	-2.15	1	0	0.3235737937	51.9146592	NAN	
94.4	3.095	-2.15	1	0	0.4004996879	52.11075831	NAN	
94.5	3.09	-2.15	1	0	0.5238320341	52.30685742	NAN	
94.6	3.085	-2.15	1	0	0.4158124577	52.50295653	NAN	
94.7	3.08	-2.15	1	0	0.5393514624	52.69905564	NAN	
94.8	3.08	-2.15	1	0	0.6495382976	52.69905564	NAN	
94.9	3.08	-2.15	1	0	0.520096145	52.69905564	NAN	
95	3.07	-2.15	1	0	0.8371081173	53.09125386	NAN	
95.1	3.07	-2.15	1	0	0.8180158923	53.09125386	NAN	
95.2	3.065	-2.15	1	0	0.6758698099	53.28735297	NAN	
95.3	3.065	-2.15	1	0	0.4689349635	53.28735297	NAN	
95.414	3.06	-2.15	1	0	0.4076763422	53.48345208	NAN	
95.508	3.055	-2.15	1	0	0.4022437072	53.67955119	NAN	
95.6	3.05	-2.15	1	0	0.4115215669	53.8756503	NAN	
95.7	3.045	-2.15	1	0	0.3357826678	54.07174941	NAN	
95.8	3.045	-2.15	1	0	0.2633438816	54.07174941	NAN	
95.9	3.04	-2.15	1	0	0.227815715	54.26784852	NAN	
96	3.04	-2.15	1	0	0.2393741841	54.26784852	NAN	
96.1	3.035	-2.15	1	0	0.4364630569	54.46394763	NAN	
96.2	3.035	-2.15	1	0	0.5084781215	54.46394763	NAN	
96.3	3.025	-2.15	1	0	0.7130918594	54.85614585	NAN	
96.4	3.025	-2.15	1	0	0.714107835	54.85614585	NAN	
96.5	3.015	-2.15	1	0	0.7569015788	55.24834407	NAN	
96.6	3.015	-2.15	1	0	0.7793907877	55.24834407	NAN	
96.7	3.01	-2.15	1	0	0.8010930033	55.44444318	NAN	
96.8	3.01	-2.15	1	0	0.8434749552	55.44444318	NAN	
96.9	3.005	-2.15	1	0	0.879744281	55.64054229	NAN	
97	3.005	-2.15	1	0	0.886961104	55.64054229	NAN	
97.1	3	-2.15	1	0	0.8926085368	55.8366414	NAN	
97.2	2.99	-2.15	1	0	0.8622644606	56.22883962	NAN	
97.3	2.99	-2.15	1	0	0.8827230596	56.22883962	NAN	
97.4	2.985	-2.15	1	0	0.9179324594	56.42493873	NAN	
97.5	2.98	-2.15	1	0	0.9713392816	56.62103784	NAN	
97.6	2.98	-2.15	1	0	0.9304300081	56.62103784	NAN	
97.7	2.975	-2.15	1	0	0.929758033	56.81713695	NAN	
97.8	2.97	-2.15	1	0	0.9250405397	57.01323606	NAN	
97.9	2.965	-2.15	1	0	0.9265257687	57.20933517	NAN	
98	2.96	-2.15	1	0	0.9618991631	57.40543428	NAN	
98.1	2.96	-2.15	1	0	0.9431065687	57.40543428	NAN	
98.2	2.955	-2.15	1	0	0.9378166132	57.60153339	NAN	
98.3	2.945	-2.15	1	0	0.9542012366	57.99373161	NAN	
98.4	2.94	-2.15	1	0	0.9189396063	58.18983072	NAN	
98.5	2.94	-2.15	1	0	0.9137286249	58.18983072	NAN	
98.6	2.94	-2.15	1	0	0.8916838005	58.18983072	NAN	
98.7	2.93	-2.15	1	0	0.8301505887	58.58202894	NAN	
98.8	2.925	-2.15	1	0	0.7393916418	58.77812805	NAN	
98.9	2.925	-2.15	1	0	0.6899637672	58.77812805	NAN	
99	2.925	-2.15	1	0	0.6767939125	58.77812805	NAN	
99.1	2.915	-2.15	1	0	0.675980769	59.17032627	NAN	
99.2	2.91	-2.15	1	0	0.6204030948	59.36642538	NAN	
99.3	2.905	-2.15	1	0	0.5047771786	59.56252449	NAN	
99.4	2.9	-2.15	1	0	0.4280186912	59.7586236	NAN	
99.5	2.9	-2.15	1	0	0.3125699922	59.7586236	NAN	
99.6	2.9	-2.15	1	0	0.3828837944	59.7586236	NAN	
99.7	2.895	-2.15	1	0	0.3579106034	59.95472271	NAN	
99.8	2.88	-2.15	1	0	0.2594224354	60.54302004	NAN	
99.9	2.88	-2.15	1	0	0.1801388353	60.54302004	NAN	
100	2.875	-2.15	1	0	0.1920937271	60.73911915	NAN	
100.1	2.875	-2.15	1	0	0.173781472	60.73911915	NAN	
100.2	2.875	-2.15	1	0	0.2114237451	60.73911915	NAN	
100.3	2.87	-2.15	1	0	0.2980771712	60.93521826	NAN	
100.4	2.86	-2.15	1	0	0.3967366885	61.32741648	NAN	
100.5	2.855	-2.15	1	0	0.2803569154	61.52351559	NAN	
100.6	2.855	-2.15	1	0	0.237802439	61.52351559	NAN	
100.7	2.85	-2.15	1	0	0.2370653918	61.7196147	NAN	
100.8	2.85	-2.15	1	0	0.195192213	61.7196147	NAN	
100.9	2.845	-2.15	1	0	0.1717556404	61.91571381	NAN	
101	2.845	-2.15	1	0	0.2388514182	61.91571381	NAN	
101.1	2.84	-2.15	1	0	0.293257566	62.11181292	NAN	
101.2	2.835	-2.15	1	0	0.3000833218	62.30791203	NAN	
101.3	2.83	-2.15	1	0	0.3455430509	62.50401114	NAN	
101.4	2.825	-2.15	1	0	0.45607017	62.70011025	NAN	
101.5	2.82	-2.15	1	0	0.3374907406	62.89620936	NAN	
101.6	2.815	-2.15	1	0	0.3421987726	63.09230847	NAN	
101.7	2.815	-2.15	1	0	0.293428015	63.09230847	NAN	
101.8	2.805	-2.15	1	0	0.233023604	63.48450669	NAN	
101.9	2.805	-2.15	1	0	0.3841223763	63.48450669	NAN	
102	2.8	-2.15	1	0	0.3615245497	63.6806058	NAN	
102.1	2.79	-2.15	1	0	0.3522782991	64.07280402	NAN	
102.2	2.79	-2.15	1	0	0.2836370921	64.07280402	NAN	
102.3	2.79	-2.15	1	0	0.2043281674	64.07280402	NAN	
102.4	2.79	-2.15	1	0	0.1976107285	64.07280402	NAN	
102.5	2.785	-2.15	1	0	0.2049390153	64.26890313	NAN	
102.6	2.78	-2.15	1	0	0.4989488952	64.46500224	NAN	
102.7	2.775	-2.15	1	0	0.4703721931	64.66110135	NAN	
102.8	2.77	-2.15	1	0	0.4045985665	64.85720046	NAN	
102.9	2.755	-2.15	1	0	0.3959797975	65.44549779	NAN	
103	2.755	-2.15	1	0	0.4185092592	65.44549779	NAN	
103.1	2.755	-2.15	1	0	0.4330127019	65.44549779	NAN	
103.2	2.755	-2.15	1	0	0.4554119015	65.44549779	NAN	
103.3	2.755	-2.15	1	0	0.4355456348	65.44549779	NAN	
103.4	2.75	-2.15	1	0	0.2918903904	65.6415969	NAN	
103.5	2.745	-2.15	1	0	0.09539392014	65.83769601	NAN	
103.6	2.735	-2.15	1	0	0.1528070679	66.22989423	NAN	
103.7	2.735	-2.15	1	0	0.06745368782	66.22989423	NAN	
103.8	2.73	-2.15	1	0	0.1189537725	66.42599334	NAN	
103.9	2.725	-2.15	1	0	0.1568438714	66.62209245	NAN	
104	2.72	-2.15	1	0	0.08660254038	66.81819156	NAN	
104.1	2.715	-2.15	1	0	0.04847679857	67.01429067	NAN	
104.2	2.71	-2.15	1	0	0.03535533906	67.21038978	NAN	
104.3	2.705	-2.15	1	0	0.1401784577	67.40648889	NAN	
104.4	2.7	-2.15	1	0	0.05049752469	67.602588	NAN	
104.5	2.7	-2.15	1	0	0.1	67.602588	NAN	
104.6	2.695	-2.15	1	0	0.1315294644	67.79868711	NAN	
104.7	2.695	-2.15	1	0	0.1288409873	67.79868711	NAN	
104.8	2.69	-2.15	1	0	0.1282575534	67.99478622	NAN	
104.9	2.685	-2.15	1	0	0.03674234614	68.19088533	NAN	
105	2.68	-2.15	1	0	0.07141428429	68.38698444	NAN	
105.1	2.675	-2.15	1	0	0.1865475811	68.58308355	NAN	
105.2	2.67	-2.15	1	0	0.2079663434	68.77918266	NAN	
105.3	2.665	-2.15	1	0	0.2688865932	68.97528177	NAN	
105.4	2.66	-2.15	1	0	0.3701351105	69.17138088	NAN	
105.5	2.66	-2.15	1	0	0.4907137659	69.17138088	NAN	
105.6	2.655	-2.15	1	0	0.593380148	69.36747999	NAN	
105.7	2.655	-2.15	1	0	0.6856383887	69.36747999	NAN	
105.8	2.645	-2.15	1	0	0.72277244	69.75967821	NAN	
105.9	2.64	-2.15	1	0	0.7103168307	69.95577732	NAN	
106	2.64	-2.15	1	0	0.6943342135	69.95577732	NAN	
106.1	2.635	-2.15	1	0	0.697782201	70.15187643	NAN	
106.2	2.63	-2.15	1	0	0.6660330322	70.34797554	NAN	
106.3	2.63	-2.15	1	0	0.6003332408	70.34797554	NAN	
106.4	2.62	-2.15	1	0	0.4707440918	70.74017376	NAN	
106.5	2.615	-2.15	1	0	0.2876629973	70.93627287	NAN	
106.6	2.615	-2.15	1	0	0.2491987159	70.93627287	NAN	
106.7	2.61	-2.15	1	0	0.2629638758	71.13237198	NAN	
106.8	2.605	-2.15	1	0	0.1835755975	71.32847109	NAN	
106.9	2.6	-2.15	1	0	0.3121698256	71.5245702	NAN	
107	2.595	-2.15	1	0	0.4953786431	71.72066931	NAN	
107.1	2.59	-2.15	1	0	0.4693612681	71.91676842	NAN	
107.2	2.59	-2.15	1	0	0.46222289	71.91676842	NAN	
107.3	2.585	-2.15	1	0	0.401248053	72.11286753	NAN	
107.4	2.575	-2.15	1	0	0.3370459909	72.50506575	NAN	
107.5	2.575	-2.15	1	0	0.3275667871	72.50506575	NAN	
107.6	2.57	-2.15	1	0	0.2248332716	72.70116486	NAN	
107.7	2.57	-2.15	1	0	0.1816590212	72.70116486	NAN	
107.8	2.565	-2.15	1	0	0.1053565375	72.89726397	NAN	
107.9	2.56	-2.15	1	0	0.02645751311	73.09336308	NAN	
108	2.55	-2.15	1	0	0.1202081528	73.4855613	NAN	
108.1	2.545	-2.15	1	0	0.1743559577	73.68166041	NAN	
108.2	2.545	-2.15	1	0	0.1841195264	73.68166041	NAN	
108.3	2.535	-2.15	1	0	0.1752141547	74.07385863	NAN	
108.4	2.525	-2.15	1	0	0.1756416807	74.46605685	NAN	
108.5	2.525	-2.15	1	0	0.2348403713	74.46605685	NAN	
108.6	2.525	-2.15	1	0	0.23010867	74.46605685	NAN	
108.7	2.52	-2.15	1	0	0.17958285	74.66215596	NAN	
108.8	2.52	-2.15	1	0	0.144222051	74.66215596	NAN	
108.9	2.52	-2.15	1	0	0.1513274595	74.66215596	NAN	
109	2.51	-2.15	1	0	0.1958315603	75.05435418	NAN	
109.1	2.505	-2.15	1	0	0.2061552813	75.25045329	NAN	
109.2	2.5	-2.15	1	0	0.2716615541	75.4465524	NAN	
109.3	2.5	-2.15	1	0	0.2843413442	75.4465524	NAN	
109.4	2.495	-2.15	1	0	0.30757113	75.64265151	NAN	
109.5	2.49	-2.15	1	0	0.2918047292	75.83875062	NAN	
109.6	2.485	-2.15	1	0	0.3640741683	76.03484973	NAN	
109.7	2.48	-2.15	1	0	0.4264387412	76.23094884	NAN	
109.8	2.475	-2.15	1	0	0.4559605246	76.42704795	NAN	
109.9	2.47	-2.15	1	0	0.5346026562	76.62314706	NAN	
110	2.47	-2.15	1	0	0.414789103	76.62314706	NAN	
110.1	2.465	-2.15	1	0	0.3707424982	76.81924617	NAN	
110.2	2.46	-2.15	1	0	0.3351119216	77.01534528	NAN	
110.3	2.455	-2.15	1	0	0.3449637662	77.21144439	NAN	
110.4	2.45	-2.15	1	0	0.391599285	77.4075435	NAN	
110.5	2.44	-2.15	1	0	0.3273377461	77.79974172	NAN	
110.6	2.44	-2.15	1	0	0.3862641583	77.79974172	NAN	
110.7	2.44	-2.15	1	0	0.3086259872	77.79974172	NAN	
110.8	2.44	-2.15	1	0	0.2471841419	77.79974172	NAN	
110.9	2.435	-2.15	1	0	0.1640121947	77.99584083	NAN	
111	2.43	-2.15	1	0	0.08366600265	78.19193994	NAN	
111.1	2.425	-2.15	1	0	0.08860022573	78.38803905	NAN	
111.2	2.42	-2.15	1	0	0.1284523258	78.58413816	NAN	
111.3	2.415	-2.15	1	0	0.1686712779	78.78023727	NAN	
111.4	2.415	-2.15	1	0	0.1967231557	78.78023727	NAN	
111.5	2.41	-2.15	1	0	0.1701469953	78.97633638	NAN	
111.6	2.4	-2.15	1	0	0.2004993766	79.3685346	NAN	
111.7	2.4	-2.15	1	0	0.2472852604	79.3685346	NAN	
111.8	2.395	-2.15	1	0	0.393255642	79.56463371	NAN	
111.9	2.395	-2.15	1	0	0.3730951621	79.56463371	NAN	
112	2.385	-2.15	1	0	0.4491102315	79.95683193	NAN	
112.1	2.385	-2.15	1	0	0.5673623181	79.95683193	NAN	
112.2	2.38	-2.15	1	0	0.7007139217	80.15293104	NAN	
112.3	2.375	-2.15	1	0	0.7773351915	80.34903015	NAN	
112.4	2.37	-2.15	1	0	0.7505664528	80.54512926	NAN	
112.5	2.37	-2.15	1	0	0.6813589362	80.54512926	NAN	
112.6	2.365	-2.15	1	0	0.6325741063	80.74122837	NAN	
112.7	2.355	-2.15	1	0	0.5827949897	81.13342659	NAN	
112.8	2.35	-2.15	1	0	0.5756735186	81.3295257	NAN	
112.9	2.35	-2.15	1	0	0.5134685969	81.3295257	NAN	
113	2.345	-2.15	1	0	0.4888762625	81.52562481	NAN	
113.1	2.345	-2.15	1	0	0.3543303543	81.52562481	NAN	
113.2	2.335	-2.15	1	0	0.2476893215	81.91782303	NAN	
113.3	2.335	-2.15	1	0	0.2369599122	81.91782303	NAN	
113.4	2.325	-2.15	1	0	0.2072438178	82.31002125	NAN	
113.5	2.32	-2.15	1	0	0.2253885534	82.50612036	NAN	
113.6	2.32	-2.15	1	0	0.1743559577	82.50612036	NAN	
113.7	2.31	-2.15	1	0	0.1519868415	82.89831858	NAN	
113.8	2.31	-2.15	1	0	0.1566843962	82.89831858	NAN	
113.902	2.305	-2.15	1	0	0.1991230775	83.09441769	NAN	
114.007	2.305	-2.15	1	0	0.2583602137	83.09441769	NAN	
114.1	2.3	-2.15	1	0	0.3403674485	83.2905168	NAN	
114.2	2.3	-2.15	1	0	0.3868462227	83.2905168	NAN	
114.3	2.29	-2.15	1	0	0.3602776707	83.68271502	NAN	
114.4	2.285	-2.15	1	0	0.3695267243	83.87881413	NAN	
114.5	2.285	-2.15	1	0	0.4201190308	83.87881413	NAN	
114.6	2.275	-2.15	1	0	0.4622769733	84.27101235	NAN	
114.7	2.27	-2.15	1	0	0.4189272013	84.46711146	NAN	
114.8	2.27	-2.15	1	0	0.2819574436	84.46711146	NAN	
114.9	2.265	-2.15	1	0	0.1334166406	84.66321057	NAN	
115	2.26	-2.15	1	0	0.1181101181	84.85930968	NAN	
115.1	2.26	-2.15	1	0	0.1886796226	84.85930968	NAN	
115.2	2.255	-2.15	1	0	0.1387443693	85.05540879	NAN	
115.3	2.25	-2.15	1	0	0.1428285686	85.2515079	NAN	
115.4	2.245	-2.15	1	0	0.1884144368	85.44760701	NAN	
115.5	2.24	-2.15	1	0	0.2101190139	85.64370612	NAN	
115.6	2.235	-2.15	1	0	0.1431782106	85.83980523	NAN	
115.7	2.235	-2.15	1	0	0.09192388155	85.83980523	NAN	
115.8	2.23	-2.15	1	0	0.07810249676	86.03590434	NAN	
115.9	2.225	-2.15	1	0	0.09433981132	86.23200345	NAN	
116	2.22	-2.15	1	0	0.1041633333	86.42810256	NAN	
116.1	2.215	-2.15	1	0	0.07483314774	86.62420167	NAN	
116.2	2.215	-2.15	1	0	0.0316227766	86.62420167	NAN	
116.3	2.21	-2.15	1	0	0.08185352772	86.82030078	NAN	
116.4	2.205	-2.15	1	0	0.1260952021	87.01639989	NAN	
116.508	2.2	-2.15	1	0	0.155724115	87.212499	NAN	
116.601	2.195	-2.15	1	0	0.2120141505	87.40859811	NAN	
116.7	2.19	-2.15	1	0	0.2549509757	87.60469722	NAN	
116.8	2.185	-2.15	1	0	0.2819574436	87.80079633	NAN	
116.9	2.18	-2.15	1	0	0.3496426747	87.99689544	NAN	
117	2.175	-2.15	1	0	0.34503623	88.19299455	NAN	
117.1	2.175	-2.15	1	0	0.3436568055	88.19299455	NAN	
117.2	2.17	-2.15	1	0	0.313926743	88.38909366	NAN	
117.3	2.165	-2.15	1	0	0.2697220792	88.58519277	NAN	
117.4	2.165	-2.15	1	0	0.2969848481	88.58519277	NAN	
117.5	2.155	-2.15	1	0	0.260672208	88.97739099	NAN	
117.6	2.15	-2.15	1	0	0.354541958	89.1734901	NAN	
117.7	2.15	-2.15	1	0	0.3397793402	89.1734901	NAN	
117.8	2.145	-2.15	1	0	0.3478505426	89.36958921	NAN	
117.9	2.145	-2.15	1	0	0.4566727494	89.36958921	NAN	
118	2.14	-2.15	1	0	0.5749782605	89.56568832	NAN	
118.1	2.14	-2.15	1	0	0.6831544481	89.56568832	NAN	
118.2	2.13	-2.15	1	0	0.7770778597	89.95788654	NAN	
118.3	2.125	-2.15	0	0	0.8155059779	90.15398565	NAN	
118.4	2.12	-2.15	0	0	0.808207894	90.35008476	NAN	
118.5	2.12	-2.155	0	0	0.761905506	90.35008476	NAN	
118.6	2.12	-2.155	0	0	0.7232219576	90.35008476	NAN	
118.7	2.12	-2.155	0	0	0.7659308063	90.35008476	NAN	
118.8	2.12	-2.155	0	0	0.7182617907	90.35008476	NAN	
118.9	2.12	-2.155	0	0	0.7296917157	90.35008476	NAN	
119	2.12	-2.155	0	0	0.684908753	90.35008476	NAN	
119.1	2.12	-2.155	0	0	0.6830080527	90.35008476	NAN	
119.2	2.12	-2.155	0	0	0.7360027174	90.35008476	NAN	
119.3	2.12	-2.155	0	0	0.6728298448	90.35008476	NAN	
119.4	2.12	-2.155	0	0	0.6671581522	90.35008476	NAN	
119.5	2.12	-2.155	0	0	0.6825686779	90.35008476	NAN	
119.6	2.12	-2.155	0	0	0.5949789912	90.35008476	NAN	
119.7	2.12	-2.155	0	0	0.6359638354	90.35008476	NAN	
119.8	2.12	-2.155	0	0	0.6508456038	90.35008476	NAN	
119.9	2.12	-2.155	0	0	0.6972445769	90.35008476	NAN	
120	2.12	-2.155	0	0	0.5582562136	90.35008476	NAN	
120.1	2.12	-2.155	0	0	0.5022449602	90.35008476	NAN	
120.2	2.12	-2.155	0	0	0.5815496539	90.35008476	NAN	
120.3	2.12	-2.155	0	0	0.6016228054	90.35008476	NAN	
120.4	2.12	-2.155	0	0	0.5650221235	90.35008476	NAN	
120.5	2.12	-2.155	0	0	0.6039039659	90.35008476	NAN	
120.6	2.12	-2.155	0	0	0.6625707509	90.35008476	NAN	
120.7	2.12	-2.155	0	0	0.6904346457	90.35008476	NAN	
120.8	2.12	-2.155	0	0	0.6795954679	90.35008476	NAN	
120.9	2.12	-2.155	0	0	0.7846973939	90.35008476	NAN	
121	2.12	-2.155	0	0	0.8197865576	90.35008476	NAN	
