MIN=0	0	-10	0	0	0	0	0	
MAX=160	10	10	1	1	7	100	5	
SCALE=50	2.5	5	0.5	0.5	5	50	1	
DEC=1	2	2	0	0	2	1	3	
DEF="Time" t / s	"Resistance" R_A1 / k&W	"Voltage" U_B1 / V	"Relay" R_1	"Voltage Source" S_1	"Voltage" U_B2 / V	"ang" ang	"Frequency" f / Hz	
0	2.115	2.155	1	0	0.09797958971	90.54618387	NAN	
0.1	2.12	2.16	1	0	0.1407124728	90.35008476	NAN	
0.2	2.125	2.155	1	0	0.1053565375	90.15398565	NAN	
0.3	2.125	2.155	1	0	0.1424780685	90.15398565	NAN	
0.4	2.13	2.155	1	0	0.1972308292	89.95788654	NAN	
0.5	2.135	2.155	1	0	0.3991240409	89.76178743	NAN	
0.6	2.14	2.155	1	0	0.4158124577	89.56568832	NAN	
0.7	2.14	2.155	1	0	0.3017449254	89.56568832	NAN	
0.8	2.145	2.155	1	0	0.2484954728	89.36958921	NAN	
0.9	2.145	2.155	1	0	0.2935132024	89.36958921	NAN	
1	2.15	2.155	1	0	0.3019933774	89.1734901	NAN	
1.1	2.155	2.155	1	0	0.2643860813	88.97739099	NAN	
1.2	2.16	2.155	1	0	0.2788368699	88.78129188	NAN	
1.3	2.165	2.155	1	0	0.3196091363	88.58519277	NAN	
1.4	2.17	2.155	1	0	0.2057911563	88.38909366	NAN	
1.5	2.17	2.155	1	0	0.1532970972	88.38909366	NAN	
1.6	2.175	2.155	1	0	0.1670329309	88.19299455	NAN	
1.7	2.175	2.155	1	0	0.1901315334	88.19299455	NAN	
1.8	2.18	2.16	1	0	0.2846049894	87.99689544	NAN	
1.9	2.185	2.155	1	0	0.3423448554	87.80079633	NAN	
2	2.19	2.155	1	0	0.3231098884	87.60469722	NAN	
2.1	2.195	2.155	1	0	0.2254994457	87.40859811	NAN	
2.2	2.195	2.16	1	0	0.148492424	87.40859811	NAN	
2.3	2.2	2.155	1	0	0.07516648189	87.212499	NAN	
2.4	2.205	2.155	1	0	0.06284902545	87.01639989	NAN	
2.5	2.215	2.155	1	0	0.05477225575	86.62420167	NAN	
2.6	2.215	2.155	1	0	0.08803408431	86.62420167	NAN	
2.7	2.22	2.16	1	0	0.05477225575	86.42810256	NAN	
2.8	2.22	2.155	1	0	0.05656854249	86.42810256	NAN	
2.9	2.225	2.155	1	0	0.1067707825	86.23200345	NAN	
3	2.23	2.155	1	0	0.1428285686	86.03590434	NAN	
3.1	2.23	2.155	1	0	0.1691153453	86.03590434	NAN	
3.2	2.235	2.155	1	0	0.1994993734	85.83980523	NAN	
3.3	2.24	2.155	1	0	0.2134244597	85.64370612	NAN	
3.4	2.245	2.155	1	0	0.1523154621	85.44760701	NAN	
3.5	2.245	2.155	1	0	0.1174734012	85.44760701	NAN	
3.6	2.25	2.155	1	0	0.1242980289	85.2515079	NAN	
3.7	2.255	2.155	1	0	0.2150581317	85.05540879	NAN	
3.8	2.26	2.155	1	0	0.2868797658	84.85930968	NAN	
3.9	2.265	2.155	1	0	0.3495711659	84.66321057	NAN	
4	2.265	2.155	1	0	0.3979949748	84.66321057	NAN	
4.1	2.27	2.155	1	0	0.2999166551	84.46711146	NAN	
4.2	2.275	2.155	1	0	0.3525620513	84.27101235	NAN	
4.3	2.275	2.155	1	0	0.2944486373	84.27101235	NAN	
4.4	2.285	2.16	1	0	0.3247306576	83.87881413	NAN	
4.5	2.29	2.155	1	0	0.3689173349	83.68271502	NAN	
4.6	2.295	2.155	1	0	0.3380088756	83.48661591	NAN	
4.7	2.3	2.155	1	0	0.3299242337	83.2905168	NAN	
4.8	2.305	2.16	1	0	0.2973213749	83.09441769	NAN	
4.9	2.305	2.155	1	0	0.2739525506	83.09441769	NAN	
5	2.31	2.155	1	0	0.1585875153	82.89831858	NAN	
5.1	2.31	2.155	1	0	0.04	82.89831858	NAN	
5.2	2.32	2.155	1	0	0.02828427125	82.50612036	NAN	
5.3	2.32	2.16	1	0	0.1534600925	82.50612036	NAN	
5.4	2.32	2.155	1	0	0.1029563014	82.50612036	NAN	
5.5	2.325	2.155	1	0	0.05	82.31002125	NAN	
5.6	2.335	2.155	1	0	0.0764852927	81.91782303	NAN	
5.7	2.345	2.155	1	0	0.04062019202	81.52562481	NAN	
5.8	2.35	2.16	1	0	0.09539392014	81.3295257	NAN	
5.9	2.35	2.155	1	0	0.1185326959	81.3295257	NAN	
6	2.35	2.155	1	0	0.1007472084	81.3295257	NAN	
6.1	2.35	2.155	1	0	0.07348469228	81.3295257	NAN	
6.2	2.355	2.155	1	0	0.2297825059	81.13342659	NAN	
6.3	2.365	2.155	1	0	0.2658006772	80.74122837	NAN	
6.4	2.37	2.155	1	0	0.3541186242	80.54512926	NAN	
6.5	2.375	2.155	1	0	0.4167133307	80.34903015	NAN	
6.6	2.375	2.155	1	0	0.324422564	80.34903015	NAN	
6.7	2.38	2.155	1	0	0.548452368	80.15293104	NAN	
6.8	2.385	2.155	1	0	0.4086563348	79.95683193	NAN	
6.9	2.39	2.16	1	0	0.4875448697	79.76073282	NAN	
7	2.39	2.16	1	0	0.2918903904	79.76073282	NAN	
7.1	2.4	2.155	1	0	0.2911185326	79.3685346	NAN	
7.2	2.4	2.155	1	0	0.3965476012	79.3685346	NAN	
7.3	2.4	2.155	1	0	0.2856571371	79.3685346	NAN	
7.4	2.405	2.155	1	0	0.2774887385	79.17243549	NAN	
7.5	2.41	2.155	1	0	0.1896048523	78.97633638	NAN	
7.6	2.415	2.155	1	0	0.2678619047	78.78023727	NAN	
7.7	2.415	2.155	1	0	0.1486606875	78.78023727	NAN	
7.8	2.42	2.155	1	0	0.0469041576	78.58413816	NAN	
7.9	2.425	2.155	1	0	0.09949874371	78.38803905	NAN	
8	2.43	2.155	1	0	0.08	78.19193994	NAN	
8.1	2.44	2.155	1	0	0.06819090848	77.79974172	NAN	
8.2	2.44	2.155	1	0	0.07141428429	77.79974172	NAN	
8.3	2.44	2.155	1	0	0.03741657387	77.79974172	NAN	
8.4	2.445	2.155	1	0	0.02449489743	77.60364261	NAN	
8.5	2.45	2.155	1	0	0.04	77.4075435	NAN	
8.6	2.45	2.155	1	0	0.06670832032	77.4075435	NAN	
8.7	2.455	2.155	1	0	0.2101190139	77.21144439	NAN	
8.8	2.46	2.155	1	0	0.2349468025	77.01534528	NAN	
8.9	2.46	2.155	1	0	0.2156385865	77.01534528	NAN	
9	2.465	2.155	1	0	0.1272792206	76.81924617	NAN	
9.1	2.47	2.155	1	0	0.08746427842	76.62314706	NAN	
9.2	2.475	2.155	1	0	0.1555634919	76.42704795	NAN	
9.3	2.48	2.155	1	0	0.248394847	76.23094884	NAN	
9.4	2.48	2.155	1	0	0.3435840509	76.23094884	NAN	
9.5	2.485	2.155	1	0	0.3180408779	76.03484973	NAN	
9.6	2.49	2.155	1	0	0.3801973172	75.83875062	NAN	
9.7	2.495	2.155	1	0	0.4129164564	75.64265151	NAN	
9.8	2.5	2.155	1	0	0.3931284777	75.4465524	NAN	
9.9	2.5	2.155	1	0	0.3280243893	75.4465524	NAN	
10	2.505	2.155	1	0	0.2163330765	75.25045329	NAN	
10.1	2.505	2.155	1	0	0.155724115	75.25045329	NAN	
10.2	2.51	2.155	1	0	0.137658999	75.05435418	NAN	
10.3	2.515	2.155	1	0	0.1341640786	74.85825507	NAN	
10.4	2.525	2.155	1	0	0.1885470763	74.46605685	NAN	
10.5	2.525	2.155	1	0	0.2540669203	74.46605685	NAN	
10.6	2.525	2.155	1	0	0.2952117884	74.46605685	NAN	
10.7	2.53	2.155	1	0	0.2547547841	74.26995774	NAN	
10.8	2.53	2.155	1	0	0.22	74.26995774	NAN	
10.9	2.54	2.155	1	0	0.2181742423	73.87775952	NAN	
11	2.545	2.155	1	0	0.1596871942	73.68166041	NAN	
11.1	2.545	2.155	1	0	0.08062257748	73.68166041	NAN	
11.2	2.55	2.155	1	0	0.0764852927	73.4855613	NAN	
11.3	2.55	2.155	1	0	0.05	73.4855613	NAN	
11.4	2.555	2.155	1	0	0.05522680509	73.28946219	NAN	
11.5	2.56	2.155	1	0	0.08366600265	73.09336308	NAN	
11.6	2.565	2.16	1	0	0.08426149773	72.89726397	NAN	
11.7	2.57	2.155	1	0	0.07348469228	72.70116486	NAN	
11.8	2.57	2.155	1	0	0.09513148795	72.70116486	NAN	
11.9	2.575	2.155	1	0	0.2109502311	72.50506575	NAN	
12	2.58	2.155	1	0	0.3407345007	72.30896664	NAN	
12.1	2.585	2.16	1	0	0.372424489	72.11286753	NAN	
12.2	2.59	2.16	1	0	0.4279602785	71.91676842	NAN	
12.3	2.59	2.155	1	0	0.5221589796	71.91676842	NAN	
12.4	2.595	2.155	1	0	0.5307070755	71.72066931	NAN	
12.5	2.6	2.155	1	0	0.5210566188	71.5245702	NAN	
12.6	2.605	2.155	1	0	0.33	71.32847109	NAN	
12.7	2.61	2.155	1	0	0.301579177	71.13237198	NAN	
12.8	2.61	2.155	1	0	0.2772183255	71.13237198	NAN	
12.9	2.615	2.155	1	0	0.3725587202	70.93627287	NAN	
13	2.62	2.155	1	0	0.416533312	70.74017376	NAN	
13.1	2.62	2.155	1	0	0.4643274706	70.74017376	NAN	
13.2	2.625	2.155	1	0	0.5229244687	70.54407465	NAN	
13.3	2.63	2.155	1	0	0.5259277517	70.34797554	NAN	
13.4	2.635	2.155	1	0	0.560669243	70.15187643	NAN	
13.5	2.64	2.155	1	0	0.4954795657	69.95577732	NAN	
13.6	2.645	2.155	1	0	0.4471576903	69.75967821	NAN	
13.7	2.645	2.155	1	0	0.458748297	69.75967821	NAN	
13.8	2.65	2.155	1	0	0.3142451272	69.5635791	NAN	
13.9	2.655	2.155	1	0	0.2619160171	69.36747999	NAN	
14	2.66	2.155	1	0	0.2304343724	69.17138088	NAN	
14.1	2.66	2.155	1	0	0.1193733639	69.17138088	NAN	
14.2	2.66	2.155	1	0	0.07968688725	69.17138088	NAN	
14.3	2.665	2.155	1	0	0.06041522987	68.97528177	NAN	
14.4	2.67	2.155	1	0	0.1301921657	68.77918266	NAN	
14.5	2.675	2.155	1	0	0.1486606875	68.58308355	NAN	
14.6	2.675	2.155	1	0	0.1592168333	68.58308355	NAN	
14.7	2.685	2.155	1	0	0.1521512405	68.19088533	NAN	
14.8	2.69	2.155	1	0	0.1665833125	67.99478622	NAN	
14.9	2.695	2.155	1	0	0.1230853363	67.79868711	NAN	
15	2.695	2.155	1	0	0.09643650761	67.79868711	NAN	
15.1	2.7	2.155	1	0	0.06819090848	67.602588	NAN	
15.2	2.7	2.155	1	0	0.07348469228	67.602588	NAN	
15.3	2.705	2.155	1	0	0.1634013464	67.40648889	NAN	
15.4	2.71	2.155	1	0	0.0790569415	67.21038978	NAN	
15.5	2.71	2.155	1	0	0.1401784577	67.21038978	NAN	
15.6	2.715	2.155	1	0	0.2059126028	67.01429067	NAN	
15.7	2.725	2.155	1	0	0.2999166551	66.62209245	NAN	
15.8	2.725	2.155	1	0	0.2522895162	66.62209245	NAN	
15.9	2.73	2.155	1	0	0.3581898938	66.42599334	NAN	
16	2.735	2.155	1	0	0.3646916506	66.22989423	NAN	
16.1	2.735	2.155	1	0	0.1931320792	66.22989423	NAN	
16.2	2.74	2.155	1	0	0.2209072203	66.03379512	NAN	
16.3	2.745	2.155	1	0	0.2102379604	65.83769601	NAN	
16.4	2.75	2.155	1	0	0.2559296778	65.6415969	NAN	
16.5	2.755	2.155	1	0	0.3155154513	65.44549779	NAN	
16.6	2.755	2.155	1	0	0.3559494346	65.44549779	NAN	
16.7	2.755	2.155	1	0	0.2648584528	65.44549779	NAN	
16.8	2.76	2.155	1	0	0.1260952021	65.24939868	NAN	
16.9	2.765	2.155	1	0	0.1224744871	65.05329957	NAN	
17	2.77	2.155	1	0	0.2987473849	64.85720046	NAN	
17.1	2.775	2.155	1	0	0.3976807765	64.66110135	NAN	
17.2	2.78	2.155	1	0	0.5621832441	64.46500224	NAN	
17.3	2.785	2.16	1	0	0.5247856705	64.26890313	NAN	
17.4	2.79	2.155	1	0	0.4071240597	64.07280402	NAN	
17.5	2.79	2.155	1	0	0.3256531898	64.07280402	NAN	
17.6	2.79	2.155	1	0	0.2831077533	64.07280402	NAN	
17.7	2.8	2.155	1	0	0.2764054992	63.6806058	NAN	
17.8	2.8	2.155	1	0	0.2671142078	63.6806058	NAN	
17.9	2.805	2.155	1	0	0.2545584412	63.48450669	NAN	
18	2.805	2.155	1	0	0.2401041441	63.48450669	NAN	
18.1	2.81	2.155	1	0	0.2342007686	63.28840758	NAN	
18.2	2.815	2.155	1	0	0.3199218655	63.09230847	NAN	
18.3	2.82	2.155	1	0	0.2048169915	62.89620936	NAN	
18.4	2.825	2.155	1	0	0.3310589071	62.70011025	NAN	
18.5	2.825	2.155	1	0	0.2824004249	62.70011025	NAN	
18.6	2.83	2.155	1	0	0.3109662361	62.50401114	NAN	
18.7	2.835	2.16	1	0	0.2288012238	62.30791203	NAN	
18.8	2.84	2.155	1	0	0.3159905062	62.11181292	NAN	
18.9	2.845	2.16	1	0	0.3440930107	61.91571381	NAN	
19	2.845	2.155	1	0	0.2729468813	61.91571381	NAN	
19.1	2.85	2.155	1	0	0.1757839583	61.7196147	NAN	
19.2	2.855	2.155	1	0	0.1469693846	61.52351559	NAN	
19.3	2.855	2.155	1	0	0.155724115	61.52351559	NAN	
19.4	2.86	2.155	1	0	0.1060660172	61.32741648	NAN	
19.5	2.86	2.155	1	0	0.04	61.32741648	NAN	
19.6	2.87	2.155	1	0	0.0474341649	60.93521826	NAN	
19.7	2.875	2.155	1	0	0.1012422837	60.73911915	NAN	
19.8	2.875	2.155	1	0	0.1053565375	60.73911915	NAN	
19.9	2.88	2.155	1	0	0.1161895004	60.54302004	NAN	
20	2.885	2.155	1	0	0.1426534262	60.34692093	NAN	
20.1	2.89	2.155	1	0	0.1135781669	60.15082182	NAN	
20.2	2.895	2.155	1	0	0.06595452979	59.95472271	NAN	
20.3	2.9	2.155	1	0	0.0738241153	59.7586236	NAN	
20.4	2.9	2.155	1	0	0.0894427191	59.7586236	NAN	
20.5	2.905	2.155	1	0	0.09192388155	59.56252449	NAN	
20.6	2.905	2.155	1	0	0.1222701926	59.56252449	NAN	
20.7	2.91	2.155	1	0	0.1812456896	59.36642538	NAN	
20.8	2.915	2.155	1	0	0.1624807681	59.17032627	NAN	
20.9	2.92	2.155	1	0	0.09354143467	58.97422716	NAN	
21	2.925	2.155	1	0	0.03535533906	58.77812805	NAN	
21.1	2.925	2.155	1	0	0.03	58.77812805	NAN	
21.2	2.93	2.155	1	0	0.07280109889	58.58202894	NAN	
21.3	2.935	2.155	1	0	0.09695359715	58.38592983	NAN	
21.4	2.94	2.155	1	0	0.1601561738	58.18983072	NAN	
21.5	2.94	2.16	1	0	0.2374868417	58.18983072	NAN	
21.6	2.94	2.155	1	0	0.2883574171	58.18983072	NAN	
21.7	2.95	2.155	1	0	0.3366749174	57.7976325	NAN	
21.8	2.95	2.155	1	0	0.3688495628	57.7976325	NAN	
21.9	2.96	2.155	1	0	0.4295928305	57.40543428	NAN	
22	2.96	2.155	1	0	0.5376337043	57.40543428	NAN	
22.1	2.965	2.155	1	0	0.6184254199	57.20933517	NAN	
22.2	2.965	2.155	1	0	0.6781592733	57.20933517	NAN	
22.3	2.97	2.155	1	0	0.7666485505	57.01323606	NAN	
22.4	2.975	2.16	1	0	0.8756140702	56.81713695	NAN	
22.5	2.98	2.155	1	0	0.9451454914	56.62103784	NAN	
22.6	2.98	2.155	1	0	0.9754229852	56.62103784	NAN	
22.7	2.985	2.155	1	0	0.9874208829	56.42493873	NAN	
22.8	2.985	2.16	1	0	0.9903282284	56.42493873	NAN	
22.9	2.99	2.155	1	0	0.9902019996	56.22883962	NAN	
23	2.995	2.155	1	0	0.9982735096	56.03274051	NAN	
23.1	3	2.155	1	0	0.9869397145	55.8366414	NAN	
23.2	3	2.155	1	0	0.9643650761	55.8366414	NAN	
23.3	3.005	2.155	1	0	0.9352539762	55.64054229	NAN	
23.4	3.01	2.155	1	0	0.9089004346	55.44444318	NAN	
23.5	3.01	2.155	1	0	0.9104394543	55.44444318	NAN	
23.6	3.01	2.155	1	0	0.9100824139	55.44444318	NAN	
23.7	3.015	2.155	1	0	0.9059801322	55.24834407	NAN	
23.8	3.02	2.155	1	0	0.8863972022	55.05224496	NAN	
23.9	3.025	2.155	1	0	0.8832610033	54.85614585	NAN	
24	3.035	2.155	1	0	0.8888475685	54.46394763	NAN	
24.1	3.04	2.155	1	0	0.8932804711	54.26784852	NAN	
24.2	3.04	2.155	1	0	0.8621484791	54.26784852	NAN	
24.3	3.04	2.155	1	0	0.7739186004	54.26784852	NAN	
24.4	3.04	2.155	1	0	0.5940538696	54.26784852	NAN	
24.5	3.045	2.155	1	0	0.485386444	54.07174941	NAN	
24.6	3.045	2.155	1	0	0.4343961326	54.07174941	NAN	
24.7	3.055	2.155	1	0	0.4918333051	53.67955119	NAN	
24.8	3.065	2.155	1	0	0.5280151513	53.28735297	NAN	
24.9	3.065	2.155	1	0	0.5659505279	53.28735297	NAN	
25	3.065	2.155	1	0	0.6330086887	53.28735297	NAN	
25.101	3.065	2.16	1	0	0.6730527468	53.28735297	NAN	
25.21	3.07	2.16	1	0	0.7052304588	53.09125386	NAN	
25.3	3.08	2.155	1	0	0.6920260111	52.69905564	NAN	
25.4	3.08	2.155	1	0	0.7724959547	52.69905564	NAN	
25.5	3.08	2.155	1	0	0.7651797175	52.69905564	NAN	
25.6	3.085	2.155	1	0	0.7460227879	52.50295653	NAN	
25.7	3.09	2.155	1	0	0.5885575588	52.30685742	NAN	
25.8	3.09	2.155	1	0	0.4435651023	52.30685742	NAN	
25.9	3.095	2.155	1	0	0.494165964	52.11075831	NAN	
26	3.1	2.155	1	0	0.5655086206	51.9146592	NAN	
26.1	3.105	2.155	1	0	0.6102048836	51.71856009	NAN	
26.2	3.105	2.155	1	0	0.4565084884	51.71856009	NAN	
26.3	3.11	2.155	1	0	0.2867054237	51.52246098	NAN	
26.4	3.115	2.155	1	0	0.2170253441	51.32636187	NAN	
26.5	3.115	2.155	1	0	0.1382027496	51.32636187	NAN	
26.6	3.12	2.155	1	0	0.2574878638	51.13026276	NAN	
26.7	3.125	2.155	1	0	0.4039183086	50.93416365	NAN	
26.8	3.13	2.155	1	0	0.3963584237	50.73806454	NAN	
26.9	3.135	2.155	1	0	0.4174326293	50.54196543	NAN	
27	3.135	2.155	1	0	0.4848195541	50.54196543	NAN	
27.1	3.14	2.155	1	0	0.5915234568	50.34586632	NAN	
27.2	3.14	2.155	1	0	0.6771262807	50.34586632	NAN	
27.3	3.145	2.155	1	0	0.6454455825	50.14976721	NAN	
27.4	3.155	2.155	1	0	0.4607602413	49.75756899	NAN	
27.5	3.155	2.155	1	0	0.2413503677	49.75756899	NAN	
27.6	3.165	2.155	1	0	0.09848857802	49.36537077	NAN	
27.7	3.165	2.155	1	0	0.09643650761	49.36537077	NAN	
27.8	3.165	2.155	1	0	0.0790569415	49.36537077	NAN	
27.9	3.165	2.155	1	0	0.09137833441	49.36537077	NAN	
28	3.17	2.155	1	0	0.15795569	49.16927166	NAN	
28.1	3.175	2.155	1	0	0.2577789751	48.97317255	NAN	
28.2	3.18	2.155	1	0	0.1689674525	48.77707344	NAN	
28.3	3.185	2.155	1	0	0.3871692137	48.58097433	NAN	
28.4	3.19	2.155	1	0	0.1272792206	48.38487522	NAN	
28.5	3.195	2.155	1	0	0.2002498439	48.18877611	NAN	
28.6	3.195	2.155	1	0	0.04795831523	48.18877611	NAN	
28.7	3.2	2.155	1	0	0.1292284798	47.992677	NAN	
28.8	3.205	2.155	1	0	0.15	47.79657789	NAN	
28.9	3.21	2.155	1	0	0.3897435054	47.60047878	NAN	
29	3.21	2.155	1	0	0.472546294	47.60047878	NAN	
29.1	3.215	2.155	1	0	0.4770220121	47.40437967	NAN	
29.2	3.215	2.155	1	0	0.5585248428	47.40437967	NAN	
29.3	3.225	2.155	1	0	0.5155579502	47.01218145	NAN	
29.4	3.23	2.155	1	0	0.4648117899	46.81608234	NAN	
29.5	3.23	2.155	1	0	0.404783893	46.81608234	NAN	
29.6	3.235	2.155	1	0	0.3721558813	46.61998323	NAN	
29.7	3.24	2.155	1	0	0.3531288717	46.42388412	NAN	
29.8	3.24	2.155	1	0	0.388458492	46.42388412	NAN	
29.9	3.245	2.155	1	0	0.4378355856	46.22778501	NAN	
30	3.25	2.155	1	0	0.4191658383	46.0316859	NAN	
30.1	3.255	2.155	1	0	0.3861994303	45.83558679	NAN	
30.2	3.26	2.155	1	0	0.3260368077	45.63948768	NAN	
30.3	3.26	2.155	1	0	0.3706076092	45.63948768	NAN	
30.4	3.265	2.155	1	0	0.3463379852	45.44338857	NAN	
30.5	3.265	2.155	1	0	0.5096076922	45.44338857	NAN	
30.6	3.27	2.155	1	0	0.6005414224	45.24728946	NAN	
30.7	3.275	2.155	1	0	0.5656854249	45.05119035	NAN	
30.8	3.28	2.155	1	0	0.5431390246	44.85509124	NAN	
30.9	3.285	2.155	1	0	0.5180733539	44.65899213	NAN	
31	3.285	2.155	1	0	0.5210086372	44.65899213	NAN	
31.1	3.29	2.155	1	0	0.4430011287	44.46289302	NAN	
31.2	3.295	2.155	1	0	0.3167806812	44.26679391	NAN	
31.3	3.295	2.155	1	0	0.2080865205	44.26679391	NAN	
31.4	3.3	2.155	1	0	0.1584297952	44.0706948	NAN	
31.5	3.305	2.155	1	0	0.2248332716	43.87459569	NAN	
31.6	3.305	2.155	1	0	0.3127299154	43.87459569	NAN	
31.7	3.31	2.155	1	0	0.3604857834	43.67849658	NAN	
31.8	3.315	2.155	1	0	0.4079828428	43.48239747	NAN	
31.9	3.32	2.155	1	0	0.4827525246	43.28629836	NAN	
32	3.32	2.155	1	0	0.6116371473	43.28629836	NAN	
32.1	3.325	2.155	1	0	0.6131068422	43.09019925	NAN	
32.2	3.33	2.155	1	0	0.5010987927	42.89410014	NAN	
32.3	3.33	2.155	1	0	0.4281354926	42.89410014	NAN	
32.4	3.335	2.155	1	0	0.4769696007	42.69800103	NAN	
32.5	3.34	2.155	1	0	0.4593473631	42.50190192	NAN	
32.6	3.345	2.155	1	0	0.4506106967	42.30580281	NAN	
32.7	3.35	2.155	1	0	0.3207802986	42.1097037	NAN	
32.8	3.35	2.155	1	0	0.2152905014	42.1097037	NAN	
32.9	3.355	2.155	1	0	0.2660826939	41.91360459	NAN	
33	3.36	2.155	1	0	0.24	41.71750548	NAN	
33.1	3.36	2.155	1	0	0.2706473721	41.71750548	NAN	
33.2	3.365	2.155	1	0	0.1733493582	41.52140637	NAN	
33.3	3.365	2.155	1	0	0.09433981132	41.52140637	NAN	
33.4	3.37	2.155	1	0	0.1727715254	41.32530726	NAN	
33.5	3.375	2.155	1	0	0.1120267825	41.12920815	NAN	
33.6	3.38	2.155	1	0	0.1031988372	40.93310904	NAN	
33.7	3.385	2.155	1	0	0.1220655562	40.73700993	NAN	
33.8	3.39	2.155	1	0	0.2079663434	40.54091082	NAN	
33.9	3.39	2.155	1	0	0.28609439	40.54091082	NAN	
34	3.395	2.155	1	0	0.3445286635	40.34481171	NAN	
34.1	3.4	2.155	1	0	0.3335416016	40.1487126	NAN	
34.2	3.4	2.155	1	0	0.3213253803	40.1487126	NAN	
34.3	3.405	2.155	1	0	0.2911185326	39.95261349	NAN	
34.4	3.41	2.16	1	0	0.27	39.75651438	NAN	
34.5	3.41	2.155	1	0	0.2995830436	39.75651438	NAN	
34.6	3.415	2.155	1	0	0.38301436	39.56041527	NAN	
34.7	3.42	2.155	1	0	0.4844068538	39.36431616	NAN	
34.8	3.425	2.155	1	0	0.5597767412	39.16821705	NAN	
34.9	3.43	2.155	1	0	0.6037797612	38.97211794	NAN	
35	3.43	2.155	1	0	0.6230971032	38.97211794	NAN	
35.1	3.435	2.155	1	0	0.6048966854	38.77601883	NAN	
35.2	3.44	2.155	1	0	0.5347896783	38.57991972	NAN	
35.3	3.44	2.155	1	0	0.5232112384	38.57991972	NAN	
35.4	3.445	2.155	1	0	0.5021951812	38.38382061	NAN	
35.5	3.445	2.16	1	0	0.3797367509	38.38382061	NAN	
35.6	3.45	2.155	1	0	0.4415314258	38.1877215	NAN	
35.7	3.455	2.155	1	0	0.3041381265	37.99162239	NAN	
35.8	3.455	2.155	1	0	0.1989974874	37.99162239	NAN	
35.9	3.46	2.155	1	0	0.07176350047	37.79552328	NAN	
36	3.465	2.155	1	0	0.1120267825	37.59942417	NAN	
36.1	3.465	2.155	1	0	0.05830951895	37.59942417	NAN	
36.2	3.47	2.155	1	0	0.04062019202	37.40332506	NAN	
36.3	3.475	2.155	1	0	0.1113552873	37.20722595	NAN	
36.4	3.48	2.155	1	0	0.18734994	37.01112684	NAN	
36.5	3.48	2.155	1	0	0.1526433752	37.01112684	NAN	
36.6	3.485	2.155	1	0	0.2528833723	36.81502773	NAN	
36.7	3.485	2.155	1	0	0.293257566	36.81502773	NAN	
36.8	3.49	2.155	1	0	0.1732050808	36.61892862	NAN	
36.9	3.495	2.155	1	0	0.2424871131	36.42282951	NAN	
37	3.5	2.155	1	0	0.2415574466	36.2267304	NAN	
37.1	3.5	2.155	1	0	0.1610900369	36.2267304	NAN	
37.2	3.505	2.155	1	0	0.1513274595	36.03063129	NAN	
37.3	3.51	2.155	1	0	0.3540480193	35.83453218	NAN	
37.4	3.515	2.155	1	0	0.689710084	35.63843307	NAN	
37.5	3.52	2.155	1	0	0.8758139072	35.44233396	NAN	
37.6	3.52	2.155	1	0	0.952470472	35.44233396	NAN	
37.7	3.525	2.155	1	0	1.029611577	35.24623485	NAN	
37.8	3.53	2.155	1	0	1.084273951	35.05013574	NAN	
37.9	3.53	2.155	1	0	1.095079906	35.05013574	NAN	
38	3.535	2.155	1	0	1.127186764	34.85403663	NAN	
38.1	3.535	2.155	1	0	1.147497277	34.85403663	NAN	
38.2	3.545	2.155	1	0	1.159245444	34.46183841	NAN	
38.3	3.55	2.155	1	0	1.161034022	34.2657393	NAN	
38.4	3.55	2.155	1	0	1.163443166	34.2657393	NAN	
38.5	3.555	2.155	1	0	1.179555001	34.06964019	NAN	
38.6	3.56	2.155	1	0	1.194571053	33.87354108	NAN	
38.7	3.565	2.155	1	0	1.2042425	33.67744197	NAN	
38.8	3.565	2.155	1	0	1.219877043	33.67744197	NAN	
38.9	3.57	2.155	1	0	1.231665539	33.48134286	NAN	
39	3.575	2.155	1	0	1.242759027	33.28524375	NAN	
39.1	3.58	2.155	1	0	1.252118205	33.08914464	NAN	
39.2	3.585	2.155	1	0	1.259484021	32.89304553	NAN	
39.3	3.585	2.155	1	0	1.260416598	32.89304553	NAN	
39.4	3.59	2.155	1	0	1.260297584	32.69694642	NAN	
39.5	3.6	2.155	1	0	1.259245806	32.3047482	NAN	
39.6	3.6	2.155	1	0	1.246555253	32.3047482	NAN	
39.7	3.6	2.155	1	0	1.228901949	32.3047482	NAN	
39.8	3.6	2.155	1	0	1.208883783	32.3047482	NAN	
39.9	3.615	2.155	1	0	1.18705518	31.71645087	NAN	
40	3.615	2.155	1	0	1.151108162	31.71645087	NAN	
40.1	3.62	2.155	1	0	1.116825859	31.52035176	NAN	
40.2	3.625	2.16	1	0	1.061885116	31.32425265	NAN	
40.3	3.635	2.155	1	0	1.020367581	30.93205443	NAN	
40.4	3.635	2.155	1	0	0.9421783271	30.93205443	NAN	
40.5	3.635	2.155	1	0	0.8461087401	30.93205443	NAN	
40.6	3.635	2.155	1	0	0.7969943538	30.93205443	NAN	
40.7	3.65	2.155	1	0	0.6688049043	30.3437571	NAN	
40.8	3.65	2.155	1	0	0.5558776844	30.3437571	NAN	
40.9	3.65	2.155	1	0	0.5069516742	30.3437571	NAN	
41	3.65	2.155	1	0	0.5393051084	30.3437571	NAN	
41.1	3.66	2.155	1	0	0.6255397669	29.95155888	NAN	
41.2	3.665	2.155	1	0	0.6887670143	29.75545977	NAN	
41.3	3.665	2.155	1	0	0.7029224708	29.75545977	NAN	
41.4	3.675	2.155	1	0	0.5879200626	29.36326155	NAN	
41.5	3.675	2.155	1	0	0.4868264578	29.36326155	NAN	
41.6	3.68	2.155	1	0	0.4337626079	29.16716244	NAN	
41.7	3.68	2.155	1	0	0.4236153916	29.16716244	NAN	
41.809	3.68	2.155	1	0	0.3840572874	29.16716244	NAN	
41.903	3.68	2.155	1	0	0.2931723043	29.16716244	NAN	
42.005	3.685	2.155	1	0	0.2	28.97106333	NAN	
42.1	3.685	2.155	1	0	0.1794435844	28.97106333	NAN	
42.2	3.69	2.155	1	0	0.146628783	28.77496422	NAN	
42.3	3.695	2.155	1	0	0.07314369419	28.57886511	NAN	
42.4	3.695	2.155	1	0	0.04123105626	28.57886511	NAN	
42.5	3.7	2.155	1	0	0.1513274595	28.382766	NAN	
42.6	3.705	2.155	1	0	0.22737634	28.18666689	NAN	
42.7	3.71	2.155	1	0	0.2420743687	27.99056778	NAN	
42.8	3.715	2.155	1	0	0.2778488798	27.79446867	NAN	
42.9	3.715	2.155	1	0	0.3306811153	27.79446867	NAN	
43	3.72	2.155	1	0	0.3502142202	27.59836956	NAN	
43.1	3.725	2.155	1	0	0.3785498646	27.40227045	NAN	
43.2	3.725	2.155	1	0	0.3746998799	27.40227045	NAN	
43.3	3.73	2.155	1	0	0.4181506905	27.20617134	NAN	
43.4	3.735	2.155	1	0	0.4157523301	27.01007223	NAN	
43.5	3.74	2.155	1	0	0.4769171836	26.81397312	NAN	
43.6	3.74	2.155	1	0	0.5383771912	26.81397312	NAN	
43.7	3.745	2.155	1	0	0.6014565653	26.61787401	NAN	
43.8	3.75	2.155	1	0	0.6456004957	26.4217749	NAN	
43.9	3.755	2.155	1	0	0.6665958296	26.22567579	NAN	
44	3.755	2.155	1	0	0.7090486584	26.22567579	NAN	
44.1	3.76	2.16	1	0	0.7123201527	26.02957668	NAN	
44.2	3.765	2.155	1	0	0.7054431232	25.83347757	NAN	
44.3	3.77	2.155	1	0	0.7281140021	25.63737846	NAN	
44.4	3.77	2.155	1	0	0.7330416086	25.63737846	NAN	
44.5	3.775	2.155	1	0	0.7160307256	25.44127935	NAN	
44.6	3.78	2.155	1	0	0.67085766	25.24518024	NAN	
44.7	3.785	2.155	1	0	0.6461423992	25.04908113	NAN	
44.8	3.785	2.155	1	0	0.5774080013	25.04908113	NAN	
44.9	3.79	2.16	1	0	0.4508325632	24.85298202	NAN	
45	3.795	2.155	1	0	0.4353159772	24.65688291	NAN	
45.1	3.8	2.155	1	0	0.3190611227	24.4607838	NAN	
45.2	3.805	2.155	1	0	0.3199218655	24.26468469	NAN	
45.3	3.81	2.155	1	0	0.2238302929	24.06858558	NAN	
45.4	3.815	2.155	1	0	0.2225982929	23.87248647	NAN	
45.5	3.815	2.155	1	0	0.1978635894	23.87248647	NAN	
45.6	3.82	2.155	1	0	0.2158703314	23.67638736	NAN	
45.7	3.825	2.155	1	0	0.2369599122	23.48028825	NAN	
45.8	3.83	2.155	1	0	0.1881488772	23.28418914	NAN	
45.9	3.835	2.155	1	0	0.1923538406	23.08809003	NAN	
46	3.84	2.155	1	0	0.2189748844	22.89199092	NAN	
46.1	3.845	2.155	1	0	0.2364318084	22.69589181	NAN	
46.2	3.845	2.155	1	0	0.2210203611	22.69589181	NAN	
46.3	3.845	2.16	1	0	0.2043281674	22.69589181	NAN	
46.4	3.85	2.155	1	0	0.2057911563	22.4997927	NAN	
46.5	3.855	2.155	1	0	0.2082066281	22.30369359	NAN	
46.6	3.855	2.155	1	0	0.2085665361	22.30369359	NAN	
46.7	3.86	2.155	1	0	0.2339871791	22.10759448	NAN	
46.8	3.865	2.155	1	0	0.3011644069	21.91149537	NAN	
46.9	3.87	2.155	1	0	0.3644859394	21.71539626	NAN	
47	3.875	2.155	1	0	0.4011234224	21.51929715	NAN	
47.1	3.875	2.155	1	0	0.3817066937	21.51929715	NAN	
47.2	3.88	2.155	1	0	0.3557386681	21.32319804	NAN	
47.3	3.885	2.155	1	0	0.4614650583	21.12709893	NAN	
47.4	3.885	2.155	1	0	0.473972573	21.12709893	NAN	
47.5	3.89	2.16	1	0	0.4843036238	20.93099982	NAN	
47.6	3.895	2.16	1	0	0.4279602785	20.73490071	NAN	
47.7	3.895	2.155	1	0	0.4374357096	20.73490071	NAN	
47.8	3.9	2.155	1	0	0.4901020302	20.5388016	NAN	
47.9	3.905	2.155	1	0	0.4779121258	20.34270249	NAN	
48	3.91	2.155	1	0	0.5159457336	20.14660338	NAN	
48.1	3.915	2.155	1	0	0.5391196528	19.95050427	NAN	
48.2	3.915	2.155	1	0	0.5601339126	19.95050427	NAN	
48.3	3.92	2.155	1	0	0.533994382	19.75440516	NAN	
48.4	3.925	2.155	1	0	0.4966890375	19.55830605	NAN	
48.5	3.925	2.155	1	0	0.4651343892	19.55830605	NAN	
48.6	3.93	2.155	1	0	0.4738143096	19.36220694	NAN	
48.7	3.935	2.155	1	0	0.4181506905	19.16610783	NAN	
48.8	3.94	2.16	1	0	0.3593744565	18.97000872	NAN	
48.9	3.94	2.16	1	0	0.282577423	18.97000872	NAN	
49	3.945	2.155	1	0	0.2134244597	18.77390961	NAN	
49.1	3.95	2.155	1	0	0.144222051	18.5778105	NAN	
49.2	3.955	2.155	1	0	0.08514693183	18.38171139	NAN	
49.3	3.955	2.155	1	0	0.219317122	18.38171139	NAN	
49.4	3.96	2.155	1	0	0.7101760345	18.18561228	NAN	
49.5	3.96	2.155	1	0	0.968504001	18.18561228	NAN	
49.6	3.965	2.155	1	0	1.08240473	17.98951317	NAN	
49.7	3.97	2.155	1	0	1.141315031	17.79341406	NAN	
49.8	3.975	2.155	1	0	1.180529542	17.59731495	NAN	
49.9	3.985	2.155	1	0	1.219180052	17.20511673	NAN	
50	3.985	2.155	1	0	1.276264079	17.20511673	NAN	
50.1	3.985	2.155	1	0	1.325481045	17.20511673	NAN	
50.2	3.99	2.155	1	0	1.339141516	17.00901762	NAN	
50.3	3.995	2.155	1	0	1.359816164	16.81291851	NAN	
50.4	4	2.155	1	0	1.370966812	16.6168194	NAN	
50.5	4.005	2.155	1	0	1.380326048	16.42072029	NAN	
50.6	4.005	2.155	1	0	1.389766167	16.42072029	NAN	
50.7	4.01	2.155	1	0	1.392479802	16.22462118	NAN	
50.8	4.015	2.155	1	0	1.399589225	16.02852207	NAN	
50.9	4.015	2.155	1	0	1.400035714	16.02852207	NAN	
51	4.02	2.155	1	0	1.400963954	15.83242296	NAN	
51.1	4.025	2.155	1	0	1.404706375	15.63632385	NAN	
51.2	4.03	2.155	1	0	1.40905997	15.44022474	NAN	
51.3	4.035	2.155	1	0	1.40959214	15.24412563	NAN	
51.4	4.04	2.155	1	0	1.409467985	15.04802652	NAN	
51.5	4.04	2.155	1	0	1.402676014	15.04802652	NAN	
51.6	4.045	2.155	1	0	1.399803558	14.85192741	NAN	
51.7	4.055	2.155	1	0	1.389316379	14.45972919	NAN	
51.8	4.055	2.155	1	0	1.376462858	14.45972919	NAN	
51.9	4.055	2.155	1	0	1.354640174	14.45972919	NAN	
52	4.06	2.155	1	0	1.325330148	14.26363008	NAN	
52.1	4.06	2.155	1	0	1.27267435	14.26363008	NAN	
52.2	4.065	2.155	1	0	1.226600995	14.06753097	NAN	
52.3	4.07	2.155	1	0	1.17049135	13.87143186	NAN	
52.4	4.075	2.155	1	0	1.100363576	13.67533275	NAN	
52.5	4.08	2.155	1	0	0.9848603962	13.47923364	NAN	
52.6	4.08	2.155	1	0	0.8657944329	13.47923364	NAN	
52.7	4.09	2.155	1	0	0.7612161323	13.08703542	NAN	
52.8	4.095	2.16	1	0	0.7079548008	12.89093631	NAN	
52.9	4.1	2.155	1	0	0.7332121112	12.6948372	NAN	
53.008	4.11	2.155	1	0	0.8642337647	12.30263898	NAN	
53.102	4.11	2.155	1	0	0.8811356309	12.30263898	NAN	
53.204	4.11	2.155	1	0	0.9048480535	12.30263898	NAN	
53.3	4.115	2.155	1	0	0.9092029476	12.10653987	NAN	
53.4	4.12	2.155	1	0	0.8896066547	11.91044076	NAN	
53.5	4.12	2.155	1	0	0.8327364529	11.91044076	NAN	
53.6	4.125	2.155	1	0	0.7016765637	11.71434165	NAN	
53.7	4.13	2.155	1	0	0.5008492787	11.51824254	NAN	
53.8	4.13	2.155	1	0	0.3457600324	11.51824254	NAN	
53.9	4.135	2.155	1	0	0.2037154879	11.32214343	NAN	
54	4.145	2.155	1	0	0.164924225	10.92994521	NAN	
54.1	4.145	2.155	1	0	0.2349468025	10.92994521	NAN	
54.2	4.15	2.155	1	0	0.4744997366	10.7338461	NAN	
54.3	4.155	2.155	1	0	0.5916502345	10.53774699	NAN	
54.4	4.155	2.155	1	0	0.8119113252	10.53774699	NAN	
54.5	4.16	2.155	1	0	0.8602325267	10.34164788	NAN	
54.6	4.165	2.155	1	0	0.8718658154	10.14554877	NAN	
54.7	4.165	2.155	1	0	0.9248243076	10.14554877	NAN	
54.8	4.17	2.16	1	0	0.9684523736	9.94944966	NAN	
54.9	4.17	2.155	1	0	0.9506576671	9.94944966	NAN	
55	4.175	2.155	1	0	0.949684158	9.75335055	NAN	
55.1	4.18	2.155	1	0	0.9331666518	9.55725144	NAN	
55.2	4.185	2.155	1	0	0.9221171292	9.36115233	NAN	
55.3	4.19	2.155	1	0	0.9009162003	9.16505322	NAN	
55.4	4.195	2.155	1	0	0.8335466394	8.96895411	NAN	
55.5	4.2	2.155	1	0	0.6987846592	8.772855	NAN	
55.6	4.205	2.155	1	0	0.5829665514	8.57675589	NAN	
55.7	4.21	2.155	1	0	0.4220781918	8.38065678	NAN	
55.8	4.21	2.155	1	0	0.2484954728	8.38065678	NAN	
55.9	4.21	2.155	1	0	0.09924716621	8.38065678	NAN	
56	4.215	2.155	1	0	0.02828427125	8.18455767	NAN	
56.1	4.215	2.16	1	0	0.05656854249	8.18455767	NAN	
56.2	4.225	2.155	1	0	0.1079351657	7.79235945	NAN	
56.3	4.225	2.155	1	0	0.1931320792	7.79235945	NAN	
56.4	4.23	2.155	1	0	0.2463736999	7.59626034	NAN	
56.5	4.23	2.155	1	0	0.3412477106	7.59626034	NAN	
56.6	4.245	2.155	1	0	0.3339161571	7.00796301	NAN	
56.7	4.245	2.155	1	0	0.2893095228	7.00796301	NAN	
56.8	4.25	2.155	1	0	0.3348133809	6.8118639	NAN	
56.9	4.255	2.155	1	0	0.4158725766	6.61576479	NAN	
57	4.255	2.155	1	0	0.5427246079	6.61576479	NAN	
57.1	4.255	2.155	1	0	0.6191930232	6.61576479	NAN	
57.2	4.26	2.155	1	0	0.7533923281	6.41966568	NAN	
57.3	4.265	2.155	1	0	0.8579044236	6.22356657	NAN	
57.4	4.27	2.155	1	0	0.9582797086	6.02746746	NAN	
57.5	4.275	2.16	1	0	0.9979228427	5.83136835	NAN	
57.6	4.275	2.155	1	0	1.021665307	5.83136835	NAN	
57.7	4.28	2.155	1	0	1.011533489	5.63526924	NAN	
57.8	4.285	2.155	1	0	0.9826494797	5.43917013	NAN	
57.9	4.29	2.155	1	0	0.961743209	5.24307102	NAN	
58	4.295	2.155	1	0	0.9398670119	5.04697191	NAN	
58.1	4.3	2.155	1	0	0.9322016949	4.8508728	NAN	
58.2	4.305	2.155	1	0	0.8895785519	4.65477369	NAN	
58.3	4.31	2.155	1	0	0.7938828629	4.45867458	NAN	
58.4	4.31	2.155	1	0	0.7765629401	4.45867458	NAN	
58.5	4.315	2.155	1	0	0.6273356358	4.26257547	NAN	
58.6	4.315	2.155	1	0	0.4921889881	4.26257547	NAN	
58.7	4.32	2.155	1	0	0.4737087713	4.06647636	NAN	
58.8	4.325	2.155	1	0	0.5550675635	3.87037725	NAN	
58.9	4.33	2.155	1	0	0.6088103153	3.67427814	NAN	
59	4.33	2.155	1	0	0.6097540488	3.67427814	NAN	
59.1	4.335	2.155	1	0	0.5831380626	3.47817903	NAN	
59.2	4.335	2.155	1	0	0.6707831244	3.47817903	NAN	
59.3	4.34	2.155	1	0	0.7047339924	3.28207992	NAN	
59.4	4.345	2.155	1	0	0.7199652769	3.08598081	NAN	
59.5	4.355	2.155	1	0	0.6228161848	2.69378259	NAN	
59.6	4.355	2.155	1	0	0.4889273975	2.69378259	NAN	
59.7	4.36	2.155	1	0	0.4168932717	2.49768348	NAN	
59.8	4.365	2.155	1	0	0.3144837039	2.30158437	NAN	
59.9	4.37	2.155	1	0	0.1655294536	2.10548526	NAN	
60	4.375	2.155	1	0	0.1787456293	1.90938615	NAN	
60.1	4.38	2.155	1	0	0.4963869458	1.71328704	NAN	
60.2	4.38	2.155	1	0	0.9134002409	1.71328704	NAN	
60.3	4.38	2.155	1	0	1.055438298	1.71328704	NAN	
60.4	4.38	2.155	1	0	1.144268325	1.71328704	NAN	
60.5	4.38	2.155	1	0	1.229064685	1.71328704	NAN	
60.6	4.4	2.16	1	0	1.298787896	0.9288906	NAN	
60.7	4.4	2.155	1	0	1.348443547	0.9288906	NAN	
60.8	4.4	2.155	1	0	1.383491959	0.9288906	NAN	
60.9	4.405	2.155	1	0	1.405133446	0.73279149	NAN	
61	4.405	2.155	1	0	1.419735891	0.73279149	NAN	
61.1	4.405	2.155	1	0	1.42660436	0.73279149	NAN	
61.2	4.41	2.155	1	0	1.429842649	0.53669238	NAN	
61.3	4.415	2.155	1	0	1.439288018	0.34059327	NAN	
61.4	4.43	2.16	1	0	1.439947916	-0.24770406	NAN	
61.5	4.43	2.155	1	0	1.439982639	-0.24770406	NAN	
61.6	4.43	2.155	1	0	1.440052082	-0.24770406	NAN	
61.7	4.43	2.155	1	0	1.44	-0.24770406	NAN	
61.8	4.435	2.155	1	0	1.440086803	-0.44380317	NAN	
61.9	4.44	2.155	1	0	1.440052082	-0.63990228	NAN	
62	4.45	2.155	1	0	1.44	-1.0321005	NAN	
62.1	4.455	2.155	1	0	1.438228076	-1.22819961	NAN	
62.2	4.46	2.155	1	0	1.430716604	-1.42429872	NAN	
62.3	4.465	2.16	1	0	1.428495712	-1.62039783	NAN	
62.4	4.465	2.155	1	0	1.414496377	-1.62039783	NAN	
62.5	4.465	2.155	1	0	1.403869652	-1.62039783	NAN	
62.6	4.47	2.155	1	0	1.373462777	-1.81649694	NAN	
62.7	4.47	2.16	1	0	1.299846145	-1.81649694	NAN	
62.8	4.47	2.155	1	0	1.211961221	-1.81649694	NAN	
62.9	4.475	2.155	1	0	1.115907702	-2.01259605	NAN	
63	4.485	2.155	1	0	0.9614312248	-2.40479427	NAN	
63.1	4.49	2.155	1	0	0.783070878	-2.60089338	NAN	
63.2	4.495	2.155	1	0	0.8377350416	-2.79699249	NAN	
63.3	4.5	2.155	1	0	1.017939094	-2.9930916	NAN	
63.4	4.505	2.155	1	0	1.086876258	-3.18919071	NAN	
63.5	4.505	2.155	1	0	1.114943945	-3.18919071	NAN	
63.6	4.505	2.155	1	0	1.132254388	-3.18919071	NAN	
63.7	4.505	2.155	1	0	1.151064725	-3.18919071	NAN	
63.81	4.52	2.155	1	0	1.150043477	-3.77748804	NAN	
63.903	4.52	2.155	1	0	1.145512986	-3.77748804	NAN	
64.005	4.525	2.16	1	0	1.119799089	-3.97358715	NAN	
64.1	4.53	2.16	1	0	1.101430888	-4.16968626	NAN	
64.2	4.53	2.155	1	0	1.070023364	-4.16968626	NAN	
64.3	4.54	2.155	1	0	0.9910095862	-4.56188448	NAN	
64.4	4.545	2.155	1	0	0.8724677644	-4.75798359	NAN	
64.5	4.55	2.155	1	0	0.6351377803	-4.9540827	NAN	
64.6	4.55	2.155	1	0	0.2886173938	-4.9540827	NAN	
64.7	4.55	2.155	1	0	0.2562225595	-4.9540827	NAN	
64.8	4.555	2.155	1	0	0.516962281	-5.15018181	NAN	
64.9	4.555	2.155	1	0	0.7406416137	-5.15018181	NAN	
65	4.565	2.155	1	0	0.8298192574	-5.54238003	NAN	
65.1	4.57	2.155	1	0	0.8601453366	-5.73847914	NAN	
65.2	4.575	2.155	1	0	0.8653611963	-5.93457825	NAN	
65.3	4.575	2.16	1	0	0.8997499653	-5.93457825	NAN	
65.4	4.585	2.155	1	0	0.9772665962	-6.32677647	NAN	
65.5	4.59	2.155	1	0	0.984073168	-6.52287558	NAN	
65.6	4.59	2.155	1	0	0.9466519952	-6.52287558	NAN	
65.7	4.59	2.155	1	0	0.9267146271	-6.52287558	NAN	
65.8	4.595	2.155	1	0	0.923904757	-6.71897469	NAN	
65.9	4.595	2.155	1	0	0.909642787	-6.71897469	NAN	
66	4.605	2.155	1	0	0.8747285293	-7.11117291	NAN	
66.1	4.605	2.155	1	0	0.8133879763	-7.11117291	NAN	
66.2	4.61	2.155	1	0	0.6043177972	-7.30727202	NAN	
66.3	4.61	2.155	1	0	0.3155946768	-7.30727202	NAN	
66.4	4.61	2.155	1	0	0.1573213272	-7.30727202	NAN	
66.5	4.62	2.155	1	0	0.1831665908	-7.69947024	NAN	
66.6	4.625	2.155	1	0	0.2441311123	-7.89556935	NAN	
66.7	4.63	2.155	1	0	0.3780872915	-8.09166846	NAN	
66.8	4.635	2.155	1	0	0.515994186	-8.28776757	NAN	
66.9	4.635	2.155	1	0	0.7035978965	-8.28776757	NAN	
67	4.64	2.155	1	0	0.7903163923	-8.48386668	NAN	
67.1	4.655	2.155	1	0	0.8234379151	-9.07216401	NAN	
67.2	4.655	2.155	1	0	0.8341162988	-9.07216401	NAN	
67.3	4.655	2.155	1	0	0.8428226385	-9.07216401	NAN	
67.4	4.655	2.155	1	0	0.8487343518	-9.07216401	NAN	
67.5	4.655	2.155	1	0	0.8429709366	-9.07216401	NAN	
67.6	4.665	2.155	1	0	0.7048049376	-9.46436223	NAN	
67.7	4.665	2.155	1	0	0.3730281491	-9.46436223	NAN	
67.8	4.665	2.155	1	0	0.1129158979	-9.46436223	NAN	
67.9	4.67	2.16	1	0	0.07449832213	-9.66046134	NAN	
68	4.68	2.155	1	0	0.05522680509	-10.05265956	NAN	
68.1	4.685	2.155	1	0	0.2594224354	-10.24875867	NAN	
68.2	4.69	2.155	1	0	0.4301162634	-10.44485778	NAN	
68.3	4.685	2.155	1	0	0.6106144446	-10.24875867	NAN	
68.4	4.69	2.155	1	0	0.7973393255	-10.44485778	NAN	
68.5	4.7	2.155	1	0	0.8742425293	-10.837056	NAN	
68.6	4.705	2.155	1	0	0.9125239723	-11.03315511	NAN	
68.7	4.71	2.155	1	0	0.9012491331	-11.22925422	NAN	
68.8	4.71	2.155	1	0	0.9008606996	-11.22925422	NAN	
68.9	4.71	2.155	1	0	0.8525256594	-11.22925422	NAN	
69	4.715	2.155	1	0	0.7716540676	-11.42535333	NAN	
69.1	4.73	2.155	1	0	0.560669243	-12.01365066	NAN	
69.2	4.735	2.155	1	0	0.3778227097	-12.20974977	NAN	
69.3	4.735	2.155	1	0	0.3052867504	-12.20974977	NAN	
69.4	4.735	2.155	1	0	0.2232711356	-12.20974977	NAN	
69.5	4.735	2.155	1	0	0.2614383292	-12.20974977	NAN	
69.6	4.735	2.155	1	0	0.3887158345	-12.20974977	NAN	
69.7	4.74	2.16	1	0	0.4437904911	-12.40584888	NAN	
69.8	4.75	2.155	1	0	0.4057092555	-12.7980471	NAN	
69.9	4.755	2.155	1	0	0.3942714801	-12.99414621	NAN	
70	4.76	2.155	1	0	0.5122011324	-13.19024532	NAN	
70.1	4.765	2.155	1	0	0.6465678619	-13.38634443	NAN	
70.2	4.765	2.155	1	0	0.6667458286	-13.38634443	NAN	
70.3	4.765	2.155	1	0	0.6933974329	-13.38634443	NAN	
70.4	4.765	2.155	1	0	0.7926853096	-13.38634443	NAN	
70.5	4.77	2.155	1	0	0.8866228059	-13.58244354	NAN	
70.6	4.775	2.155	1	0	0.9528116288	-13.77854265	NAN	
70.7	4.785	2.155	1	0	0.9797958971	-14.17074087	NAN	
70.8	4.79	2.155	1	0	1.035543336	-14.36683998	NAN	
70.9	4.79	2.155	1	0	1.128450265	-14.36683998	NAN	
71	4.795	2.155	1	0	1.190441095	-14.56293909	NAN	
71.1	4.8	2.155	1	0	1.230670549	-14.7590382	NAN	
71.2	4.805	2.155	1	0	1.272045597	-14.95513731	NAN	
71.3	4.805	2.155	1	0	1.310705917	-14.95513731	NAN	
71.4	4.81	2.155	1	0	1.332685259	-15.15123642	NAN	
71.5	4.82	2.155	1	0	1.349833323	-15.54343464	NAN	
71.6	4.82	2.155	1	0	1.363909821	-15.54343464	NAN	
71.7	4.825	2.155	1	0	1.379075777	-15.73953375	NAN	
71.8	4.825	2.16	1	0	1.389766167	-15.73953375	NAN	
71.9	4.825	2.155	1	0	1.399714257	-15.73953375	NAN	
72	4.835	2.155	1	0	1.403584696	-16.13173197	NAN	
72.1	4.845	2.155	1	0	1.408722826	-16.52393019	NAN	
72.2	4.845	2.155	1	0	1.409964539	-16.52393019	NAN	
72.3	4.85	2.155	1	0	1.409982269	-16.7200293	NAN	
72.4	4.85	2.155	1	0	1.409609875	-16.7200293	NAN	
72.5	4.855	2.155	1	0	1.401873746	-16.91612841	NAN	
72.6	4.86	2.155	1	0	1.393843607	-17.11222752	NAN	
72.7	4.86	2.155	1	0	1.383202805	-17.11222752	NAN	
72.8	4.87	2.155	1	0	1.370054743	-17.50442574	NAN	
72.9	4.875	2.155	1	0	1.352127953	-17.70052485	NAN	
73	4.875	2.155	1	0	1.316510539	-17.70052485	NAN	
73.1	4.88	2.155	1	0	1.249339826	-17.89662396	NAN	
73.2	4.885	2.155	1	0	1.183596215	-18.09272307	NAN	
73.3	4.89	2.155	1	0	1.109662111	-18.28882218	NAN	
73.4	4.89	2.155	1	0	1.066208235	-18.28882218	NAN	
73.5	4.895	2.155	1	0	0.9476550005	-18.48492129	NAN	
73.6	4.9	2.155	1	0	0.7685701009	-18.6810204	NAN	
73.7	4.905	2.155	1	0	0.516672043	-18.87711951	NAN	
73.8	4.91	2.155	1	0	0.7501999733	-19.07321862	NAN	
73.9	4.91	2.155	1	0	0.9226321044	-19.07321862	NAN	
74	4.915	2.155	1	0	0.9761403588	-19.26931773	NAN	
74.1	4.92	2.155	1	0	1.003892425	-19.46541684	NAN	
74.2	4.925	2.155	1	0	1.039471019	-19.66151595	NAN	
74.3	4.93	2.155	1	0	1.050095234	-19.85761506	NAN	
74.4	4.93	2.155	1	0	1.04995238	-19.85761506	NAN	
74.515	4.935	2.155	1	0	1.038364098	-20.05371417	NAN	
74.609	4.94	2.155	1	0	1.012249969	-20.24981328	NAN	
74.7	4.94	2.155	1	0	0.9782382123	-20.24981328	NAN	
74.8	4.945	2.155	1	0	0.9590881086	-20.44591239	NAN	
74.9	4.945	2.155	1	0	0.8675828491	-20.44591239	NAN	
75	4.945	2.16	1	0	0.7062931403	-20.44591239	NAN	
75.1	4.95	2.155	1	0	0.444578452	-20.6420115	NAN	
75.2	4.955	2.155	1	0	0.2643860813	-20.83811061	NAN	
75.3	4.96	2.155	1	0	0.09669539803	-21.03420972	NAN	
75.4	4.965	2.155	1	0	0.142126704	-21.23030883	NAN	
75.5	4.97	2.155	1	0	0.3551760127	-21.42640794	NAN	
75.6	4.975	2.155	1	0	0.5491812087	-21.62250705	NAN	
75.7	4.975	2.155	1	0	0.7354250472	-21.62250705	NAN	
75.8	4.975	2.155	1	0	0.8280398541	-21.62250705	NAN	
75.9	4.98	2.155	1	0	0.8579918415	-21.81860616	NAN	
76	4.985	2.155	1	0	0.8508525137	-22.01470527	NAN	
76.1	4.99	2.155	1	0	0.8424369413	-22.21080438	NAN	
76.2	4.99	2.16	1	0	0.8225265953	-22.21080438	NAN	
76.3	5	2.155	1	0	0.7913911801	-22.6030026	NAN	
76.4	5	2.155	1	0	0.7537240874	-22.6030026	NAN	
76.5	5.005	2.16	1	0	0.7004998216	-22.79910171	NAN	
76.6	5.01	2.16	1	0	0.6313873613	-22.99520082	NAN	
76.7	5.01	2.155	1	0	0.5159457336	-22.99520082	NAN	
76.8	5.01	2.155	1	0	0.2977414986	-22.99520082	NAN	
76.9	5.015	2.155	1	0	0.1828934116	-23.19129993	NAN	
77	5.025	2.155	1	0	0.2585536695	-23.58349815	NAN	
77.1	5.025	2.155	1	0	0.3230325061	-23.58349815	NAN	
77.2	5.03	2.155	1	0	0.3398529094	-23.77959726	NAN	
77.3	5.035	2.155	1	0	0.354964787	-23.97569637	NAN	
77.4	5.04	2.155	1	0	0.5154609588	-24.17179548	NAN	
77.5	5.04	2.16	1	0	0.5828378848	-24.17179548	NAN	
77.6	5.045	2.155	1	0	0.6742403132	-24.36789459	NAN	
77.7	5.045	2.155	1	0	0.6973521349	-24.36789459	NAN	
77.8	5.055	2.155	1	0	0.7067531394	-24.76009281	NAN	
77.9	5.055	2.155	1	0	0.6625707509	-24.76009281	NAN	
78	5.06	2.155	1	0	0.6141661013	-24.95619192	NAN	
78.1	5.065	2.155	1	0	0.5090677754	-25.15229103	NAN	
78.2	5.065	2.155	1	0	0.405030863	-25.15229103	NAN	
78.3	5.07	2.155	1	0	0.3072458299	-25.34839014	NAN	
78.4	5.075	2.155	1	0	0.2136586062	-25.54448925	NAN	
78.5	5.08	2.155	1	0	0.1361983847	-25.74058836	NAN	
78.6	5.085	2.155	1	0	0.0938083152	-25.93668747	NAN	
78.7	5.09	2.155	1	0	0.05	-26.13278658	NAN	
78.8	5.09	2.155	1	0	0.09	-26.13278658	NAN	
78.9	5.1	2.155	1	0	0.1367479433	-26.5249848	NAN	
79	5.1	2.155	1	0	0.1870828693	-26.5249848	NAN	
79.1	5.105	2.155	1	0	0.3047129797	-26.72108391	NAN	
79.2	5.11	2.155	1	0	0.3654449343	-26.91718302	NAN	
79.3	5.11	2.155	1	0	0.4686683262	-26.91718302	NAN	
79.4	5.115	2.155	1	0	0.4978453575	-27.11328213	NAN	
79.5	5.12	2.155	1	0	0.5473572873	-27.30938124	NAN	
79.6	5.125	2.155	1	0	0.5331041174	-27.50548035	NAN	
79.7	5.125	2.155	1	0	0.5571804017	-27.50548035	NAN	
79.8	5.13	2.155	1	0	0.4801041554	-27.70157946	NAN	
79.9	5.135	2.155	1	0	0.4019950248	-27.89767857	NAN	
80	5.14	2.155	1	0	0.2917190429	-28.09377768	NAN	
80.1	5.14	2.155	1	0	0.2608639492	-28.09377768	NAN	
80.2	5.145	2.155	1	0	0.1593737745	-28.28987679	NAN	
80.3	5.145	2.155	1	0	0.1060660172	-28.28987679	NAN	
80.4	5.15	2.155	1	0	0.05567764363	-28.4859759	NAN	
80.5	5.155	2.155	1	0	0.05	-28.68207501	NAN	
80.6	5.16	2.155	1	0	0.08803408431	-28.87817412	NAN	
80.7	5.165	2.155	1	0	0.1185326959	-29.07427323	NAN	
80.8	5.165	2.155	1	0	0.07106335202	-29.07427323	NAN	
80.9	5.17	2.155	1	0	0.05	-29.27037234	NAN	
81	5.175	2.155	1	0	0.09874208829	-29.46647145	NAN	
81.1	5.175	2.155	1	0	0.1272792206	-29.46647145	NAN	
81.2	5.18	2.155	1	0	0.2542636427	-29.66257056	NAN	
81.3	5.185	2.155	1	0	0.3749666652	-29.85866967	NAN	
81.4	5.19	2.155	1	0	0.4824935233	-30.05476878	NAN	
81.5	5.195	2.155	1	0	0.5918192292	-30.25086789	NAN	
81.6	5.195	2.155	1	0	0.6696640949	-30.25086789	NAN	
81.7	5.205	2.155	1	0	0.7195484695	-30.64306611	NAN	
81.8	5.205	2.155	1	0	0.7320519107	-30.64306611	NAN	
81.9	5.21	2.155	1	0	0.7603288762	-30.83916522	NAN	
82	5.21	2.155	1	0	0.7774959807	-30.83916522	NAN	
82.1	5.215	2.155	1	0	0.8014674042	-31.03526433	NAN	
82.2	5.22	2.155	1	0	0.8561249909	-31.23136344	NAN	
82.3	5.225	2.155	1	0	0.9016928524	-31.42746255	NAN	
82.4	5.23	2.155	1	0	0.9053176238	-31.62356166	NAN	
82.5	5.23	2.155	1	0	1.028566964	-31.62356166	NAN	
82.6	5.235	2.155	1	0	1.089724736	-31.81966077	NAN	
82.7	5.24	2.155	1	0	1.113171146	-32.01575988	NAN	
82.8	5.245	2.155	1	0	1.124032918	-32.21185899	NAN	
82.9	5.245	2.155	1	0	1.177115118	-32.21185899	NAN	
83	5.25	2.16	1	0	1.199583261	-32.4079581	NAN	
83.1	5.255	2.155	1	0	1.23509109	-32.60405721	NAN	
83.2	5.26	2.155	1	0	1.225744672	-32.80015632	NAN	
83.3	5.26	2.155	1	0	1.215586278	-32.80015632	NAN	
83.4	5.265	2.155	1	0	1.219569596	-32.99625543	NAN	
83.5	5.27	2.155	1	0	1.220061474	-33.19235454	NAN	
83.6	5.275	2.155	1	0	1.223315168	-33.38845365	NAN	
83.7	5.28	2.155	1	0	1.217209924	-33.58455276	NAN	
83.8	5.285	2.155	1	0	1.217292077	-33.78065187	NAN	
83.9	5.285	2.155	1	0	1.204429325	-33.78065187	NAN	
84	5.29	2.155	1	0	1.178070456	-33.97675098	NAN	
84.1	5.295	2.155	1	0	1.163636541	-34.17285009	NAN	
84.2	5.295	2.155	1	0	1.151607572	-34.17285009	NAN	
84.3	5.3	2.155	1	0	1.1296017	-34.3689492	NAN	
84.4	5.31	2.155	1	0	1.140942593	-34.76114742	NAN	
84.5	5.31	2.155	1	0	1.150565079	-34.76114742	NAN	
84.6	5.315	2.155	1	0	1.141183596	-34.95724653	NAN	
84.7	5.315	2.155	1	0	1.08662321	-34.95724653	NAN	
84.8	5.32	2.155	1	0	1.065316854	-35.15334564	NAN	
84.9	5.325	2.155	1	0	1.024817057	-35.34944475	NAN	
85	5.325	2.155	1	0	0.9999249972	-35.34944475	NAN	
85.1	5.33	2.155	1	0	0.9808414755	-35.54554386	NAN	
85.2	5.335	2.155	1	0	0.9370432221	-35.74164297	NAN	
85.3	5.335	2.155	1	0	0.7566372975	-35.74164297	NAN	
85.4	5.34	2.155	1	0	0.4818713521	-35.93774208	NAN	
85.5	5.345	2.155	1	0	0.2031009601	-36.13384119	NAN	
85.6	5.345	2.155	1	0	0.03937003937	-36.13384119	NAN	
85.7	5.35	2.155	1	0	0.04	-36.3299403	NAN	
85.8	5.355	2.155	1	0	0.2670205985	-36.52603941	NAN	
85.9	5.36	2.155	1	0	0.534976635	-36.72213852	NAN	
86	5.365	2.155	1	0	0.653911309	-36.91823763	NAN	
86.1	5.365	2.155	1	0	0.7171471258	-36.91823763	NAN	
86.2	5.37	2.155	1	0	0.7647548627	-37.11433674	NAN	
86.3	5.375	2.155	1	0	0.7268424864	-37.31043585	NAN	
86.4	5.38	2.155	1	0	0.7300684899	-37.50653496	NAN	
86.5	5.385	2.155	1	0	0.7028869041	-37.70263407	NAN	
86.6	5.39	2.155	1	0	0.7211795893	-37.89873318	NAN	
86.7	5.39	2.155	1	0	0.7829750954	-37.89873318	NAN	
86.8	5.39	2.155	1	0	0.7965236971	-37.89873318	NAN	
86.9	5.395	2.155	1	0	0.8143402237	-38.09483229	NAN	
87	5.4	2.155	1	0	0.8331566479	-38.2909314	NAN	
87.1	5.405	2.155	1	0	0.7956443929	-38.48703051	NAN	
87.2	5.41	2.155	1	0	0.7196874322	-38.68312962	NAN	
87.3	5.415	2.155	1	0	0.6513831438	-38.87922873	NAN	
87.4	5.415	2.155	1	0	0.5555177765	-38.87922873	NAN	
87.5	5.42	2.155	1	0	0.5239751903	-39.07532784	NAN	
87.6	5.425	2.155	1	0	0.5025932749	-39.27142695	NAN	
87.7	5.43	2.155	1	0	0.5940117844	-39.46752606	NAN	
87.8	5.435	2.155	1	0	0.6329691936	-39.66362517	NAN	
87.9	5.435	2.155	1	0	0.6201209559	-39.66362517	NAN	
88	5.44	2.155	1	0	0.570745127	-39.85972428	NAN	
88.1	5.445	2.155	1	0	0.566524492	-40.05582339	NAN	
88.2	5.45	2.155	1	0	0.487954916	-40.2519225	NAN	
88.3	5.45	2.155	1	0	0.5486802347	-40.2519225	NAN	
88.4	5.455	2.155	1	0	0.5158972766	-40.44802161	NAN	
88.5	5.46	2.155	1	0	0.4831666379	-40.64412072	NAN	
88.6	5.46	2.155	1	0	0.4211294338	-40.64412072	NAN	
88.7	5.47	2.16	1	0	0.414789103	-41.03631894	NAN	
88.8	5.47	2.155	1	0	0.365650106	-41.03631894	NAN	
88.9	5.475	2.155	1	0	0.3073271872	-41.23241805	NAN	
89	5.48	2.155	1	0	0.2162174831	-41.42851716	NAN	
89.1	5.48	2.155	1	0	0.1650757402	-41.42851716	NAN	
89.2	5.485	2.155	1	0	0.1230853363	-41.62461627	NAN	
89.3	5.49	2.155	1	0	0.1298075499	-41.82071538	NAN	
89.4	5.495	2.155	1	0	0.1041633333	-42.01681449	NAN	
89.5	5.5	2.155	1	0	0.1328533026	-42.2129136	NAN	
89.6	5.505	2.155	1	0	0.1603121954	-42.40901271	NAN	
89.7	5.505	2.155	1	0	0.1523154621	-42.40901271	NAN	
89.801	5.51	2.155	1	0	0.07874007874	-42.60511182	NAN	
89.911	5.515	2.155	1	0	0.04242640687	-42.80121093	NAN	
90	5.515	2.155	1	0	0.05916079783	-42.80121093	NAN	
90.1	5.52	2.155	1	0	0.121449578	-42.99731004	NAN	
90.2	5.525	2.155	1	0	0.175071414	-43.19340915	NAN	
90.3	5.53	2.155	1	0	0.185876303	-43.38950826	NAN	
90.4	5.535	2.155	1	0	0.1503329638	-43.58560737	NAN	
90.5	5.54	2.16	1	0	0.08746427842	-43.78170648	NAN	
90.6	5.545	2.155	1	0	0.1547578754	-43.97780559	NAN	
90.7	5.545	2.16	1	0	0.2421776208	-43.97780559	NAN	
90.8	5.55	2.155	1	0	0.22056745	-44.1739047	NAN	
90.9	5.55	2.155	1	0	0.2394786003	-44.1739047	NAN	
91	5.555	2.155	1	0	0.2080865205	-44.37000381	NAN	
91.1	5.56	2.155	1	0	0.2455605832	-44.56610292	NAN	
91.2	5.565	2.155	1	0	0.2639128644	-44.76220203	NAN	
91.3	5.565	2.155	1	0	0.2615339366	-44.76220203	NAN	
91.4	5.575	2.155	1	0	0.2776688675	-45.15440025	NAN	
91.5	5.575	2.155	1	0	0.309354166	-45.15440025	NAN	
91.6	5.575	2.155	1	0	0.3019933774	-45.15440025	NAN	
91.7	5.58	2.155	1	0	0.2707397274	-45.35049936	NAN	
91.8	5.585	2.155	1	0	0.3152776554	-45.54659847	NAN	
91.9	5.585	2.155	1	0	0.4078602702	-45.54659847	NAN	
92	5.59	2.155	1	0	0.4607602413	-45.74269758	NAN	
92.1	5.595	2.155	1	0	0.4001874561	-45.93879669	NAN	
92.2	5.6	2.155	1	0	0.3133687923	-46.1348958	NAN	
92.3	5.6	2.155	1	0	0.3020761493	-46.1348958	NAN	
92.4	5.605	2.155	1	0	0.3559494346	-46.33099491	NAN	
92.5	5.61	2.155	1	0	0.2929163703	-46.52709402	NAN	
92.6	5.61	2.16	1	0	0.2357965225	-46.52709402	NAN	
92.7	5.62	2.155	1	0	0.2218107301	-46.91929224	NAN	
92.8	5.62	2.155	1	0	0.22	-46.91929224	NAN	
92.9	5.625	2.155	1	0	0.3237282811	-47.11539135	NAN	
93	5.63	2.155	1	0	0.31	-47.31149046	NAN	
93.1	5.63	2.155	1	0	0.234520788	-47.31149046	NAN	
93.2	5.635	2.155	1	0	0.2051828453	-47.50758957	NAN	
93.3	5.64	2.155	1	0	0.2157544901	-47.70368868	NAN	
93.4	5.645	2.155	1	0	0.2170253441	-47.89978779	NAN	
93.5	5.65	2.155	1	0	0.1936491673	-48.0958869	NAN	
93.6	5.65	2.155	1	0	0.2055480479	-48.0958869	NAN	
93.7	5.655	2.155	1	0	0.2521904043	-48.29198601	NAN	
93.8	5.66	2.155	1	0	0.2339871791	-48.48808512	NAN	
93.9	5.665	2.155	1	0	0.1218605761	-48.68418423	NAN	
94	5.67	2.155	1	0	0.05	-48.88028334	NAN	
94.1	5.675	2.155	1	0	0.08689073598	-49.07638245	NAN	
94.2	5.675	2.155	1	0	0.07416198487	-49.07638245	NAN	
94.3	5.68	2.155	1	0	0.02828427125	-49.27248156	NAN	
94.4	5.685	2.155	1	0	0.03082207001	-49.46858067	NAN	
94.5	5.685	2.155	1	0	0.1007472084	-49.46858067	NAN	
94.6	5.69	2.155	1	0	0.1060660172	-49.66467978	NAN	
94.7	5.695	2.155	1	0	0.1166190379	-49.86077889	NAN	
94.8	5.7	2.155	1	0	0.0474341649	-50.056878	NAN	
94.9	5.705	2.155	1	0	0.04898979486	-50.25297711	NAN	
95	5.71	2.155	1	0	0.1270826503	-50.44907622	NAN	
95.1	5.71	2.155	1	0	0.12489996	-50.44907622	NAN	
95.2	5.715	2.155	1	0	0.04847679857	-50.64517533	NAN	
95.3	5.72	2.155	1	0	0.09	-50.84127444	NAN	
95.4	5.725	2.155	1	0	0.1450861813	-51.03737355	NAN	
95.5	5.725	2.155	1	0	0.178325545	-51.03737355	NAN	
95.6	5.73	2.155	1	0	0.09617692031	-51.23347266	NAN	
95.7	5.735	2.155	1	0	0.1234908904	-51.42957177	NAN	
95.8	5.735	2.155	1	0	0.288183969	-51.42957177	NAN	
95.9	5.74	2.16	1	0	0.3836665219	-51.62567088	NAN	
96	5.745	2.155	1	0	0.4343385776	-51.82176999	NAN	
96.1	5.745	2.155	1	0	0.5286775955	-51.82176999	NAN	
96.2	5.75	2.155	1	0	0.4844068538	-52.0178691	NAN	
96.3	5.755	2.155	1	0	0.6608706379	-52.21396821	NAN	
96.4	5.76	2.155	1	0	0.7779781488	-52.41006732	NAN	
96.5	5.765	2.155	1	0	0.8668909966	-52.60616643	NAN	
96.6	5.77	2.155	1	0	0.8876936408	-52.80226554	NAN	
96.7	5.77	2.155	1	0	0.9576272761	-52.80226554	NAN	
96.8	5.775	2.155	1	0	0.9933025722	-52.99836465	NAN	
96.9	5.775	2.155	1	0	1.039615313	-52.99836465	NAN	
97	5.78	2.155	1	0	1.034867141	-53.19446376	NAN	
97.1	5.785	2.16	1	0	0.9913626985	-53.39056287	NAN	
97.2	5.785	2.155	1	0	0.9298655817	-53.39056287	NAN	
97.3	5.795	2.155	1	0	0.8865382112	-53.78276109	NAN	
97.4	5.795	2.155	1	0	0.8860304735	-53.78276109	NAN	
97.5	5.8	2.155	1	0	0.9094503835	-53.9788602	NAN	
97.6	5.805	2.155	1	0	0.94870965	-54.17495931	NAN	
97.7	5.805	2.155	1	0	0.9543846185	-54.17495931	NAN	
97.8	5.81	2.155	1	0	0.9418598622	-54.37105842	NAN	
97.9	5.815	2.155	1	0	0.9189940152	-54.56715753	NAN	
98	5.825	2.155	1	0	0.8268010643	-54.95935575	NAN	
98.1	5.825	2.155	1	0	0.7676587784	-54.95935575	NAN	
98.2	5.83	2.155	1	0	0.7944494949	-55.15545486	NAN	
98.3	5.83	2.155	1	0	0.8041144197	-55.15545486	NAN	
98.4	5.835	2.155	1	0	0.9095603333	-55.35155397	NAN	
98.5	5.84	2.155	1	0	0.9463878697	-55.54765308	NAN	
98.6	5.845	2.155	1	0	0.9930005035	-55.74375219	NAN	
98.7	5.845	2.155	1	0	0.9996249297	-55.74375219	NAN	
98.8	5.85	2.155	1	0	1.001124368	-55.9398513	NAN	
98.9	5.855	2.16	1	0	0.9903282284	-56.13595041	NAN	
99	5.86	2.155	1	0	0.9468896451	-56.33204952	NAN	
99.1	5.86	2.16	1	0	0.9351203131	-56.33204952	NAN	
99.2	5.865	2.155	1	0	0.8927485648	-56.52814863	NAN	
99.3	5.87	2.155	1	0	0.8742139326	-56.72424774	NAN	
99.4	5.87	2.16	1	0	0.815444664	-56.72424774	NAN	
99.5	5.875	2.155	1	0	0.768635154	-56.92034685	NAN	
99.6	5.88	2.155	1	0	0.646529195	-57.11644596	NAN	
99.7	5.885	2.155	1	0	0.5519963768	-57.31254507	NAN	
99.807	5.89	2.155	1	0	0.5421254467	-57.50864418	NAN	
99.901	5.89	2.155	1	0	0.5316013544	-57.50864418	NAN	
100	5.895	2.155	1	0	0.5571804017	-57.70474329	NAN	
100.1	5.9	2.155	1	0	0.6757588327	-57.9008424	NAN	
100.2	5.905	2.155	1	0	0.7439758061	-58.09694151	NAN	
100.3	5.905	2.155	1	0	0.8573797292	-58.09694151	NAN	
100.4	5.91	2.155	1	0	0.8700287352	-58.29304062	NAN	
100.5	5.915	2.155	1	0	0.8209445779	-58.48913973	NAN	
100.6	5.92	2.155	1	0	0.8165782265	-58.68523884	NAN	
100.7	5.92	2.155	1	0	0.7757576941	-58.68523884	NAN	
100.8	5.925	2.155	1	0	0.776756075	-58.88133795	NAN	
100.9	5.925	2.155	1	0	0.7646240906	-58.88133795	NAN	
101	5.935	2.155	1	0	0.6272559286	-59.27353617	NAN	
101.1	5.935	2.155	1	0	0.432954963	-59.27353617	NAN	
101.2	5.94	2.155	1	0	0.2277059507	-59.46963528	NAN	
101.3	5.945	2.155	1	0	0.07071067812	-59.66573439	NAN	
101.4	5.95	2.155	1	0	0.1124722188	-59.8618335	NAN	
101.5	5.955	2.155	1	0	0.3556683849	-60.05793261	NAN	
101.6	5.955	2.155	1	0	0.6292058487	-60.05793261	NAN	
101.7	5.965	2.155	1	0	0.7640680598	-60.45013083	NAN	
101.8	5.965	2.155	1	0	0.7902847588	-60.45013083	NAN	
101.9	5.97	2.155	1	0	0.7332462069	-60.64622994	NAN	
102	5.97	2.155	1	0	0.6021212502	-60.64622994	NAN	
102.1	5.975	2.155	1	0	0.5357704732	-60.84232905	NAN	
102.2	5.98	2.155	1	0	0.531789432	-61.03842816	NAN	
102.3	5.985	2.155	1	0	0.5370288633	-61.23452727	NAN	
102.4	5.99	2.155	1	0	0.4980963762	-61.43062638	NAN	
102.5	5.99	2.155	1	0	0.432087954	-61.43062638	NAN	
102.6	6	2.155	1	0	0.2739525506	-61.8228246	NAN	
102.7	6	2.155	1	0	0.1216552506	-61.8228246	NAN	
102.8	6.005	2.155	1	0	0.1014889157	-62.01892371	NAN	
102.9	6.01	2.155	1	0	0.1511621646	-62.21502282	NAN	
103	6.01	2.155	1	0	0.1823458253	-62.21502282	NAN	
103.1	6.015	2.155	1	0	0.316464848	-62.41112193	NAN	
103.2	6.02	2.155	1	0	0.4087175064	-62.60722104	NAN	
103.3	6.02	2.155	1	0	0.4253234064	-62.60722104	NAN	
103.4	6.025	2.155	1	0	0.5166236541	-62.80332015	NAN	
103.5	6.03	2.155	1	0	0.53164838	-62.99941926	NAN	
103.6	6.03	2.155	1	0	0.5381914158	-62.99941926	NAN	
103.7	6.035	2.155	1	0	0.4018084121	-63.19551837	NAN	
103.8	6.04	2.155	1	0	0.2791057147	-63.39161748	NAN	
103.9	6.045	2.155	1	0	0.2051828453	-63.58771659	NAN	
104	6.05	2.155	1	0	0.1262933094	-63.7838157	NAN	
104.1	6.055	2.155	1	0	0.06	-63.97991481	NAN	
104.2	6.055	2.155	1	0	0.03	-63.97991481	NAN	
104.3	6.06	2.155	1	0	0.05787918451	-64.17601392	NAN	
104.4	6.07	2.155	1	0	0.09695359715	-64.56821214	NAN	
104.5	6.07	2.155	1	0	0.09273618495	-64.56821214	NAN	
104.6	6.075	2.155	1	0	0.07516648189	-64.76431125	NAN	
104.7	6.075	2.155	1	0	0.04795831523	-64.76431125	NAN	
104.8	6.08	2.155	1	0	0.02121320344	-64.96041036	NAN	
104.9	6.085	2.155	1	0	0.04415880433	-65.15650947	NAN	
105	6.085	2.155	1	0	0.08544003745	-65.15650947	NAN	
105.1	6.09	2.155	1	0	0.1777638883	-65.35260858	NAN	
105.2	6.095	2.155	1	0	0.1942935923	-65.54870769	NAN	
105.3	6.1	2.155	1	0	0.15	-65.7448068	NAN	
105.4	6.105	2.16	1	0	0.08093207028	-65.94090591	NAN	
105.5	6.11	2.155	1	0	0.05830951895	-66.13700502	NAN	
105.6	6.115	2.155	1	0	0.04415880433	-66.33310413	NAN	
105.7	6.115	2.155	1	0	0.04242640687	-66.33310413	NAN	
105.8	6.125	2.155	1	0	0.1181101181	-66.72530235	NAN	
105.9	6.13	2.155	1	0	0.2682349716	-66.92140146	NAN	
106	6.13	2.155	1	0	0.4148493703	-66.92140146	NAN	
106.1	6.13	2.155	1	0	0.4670117772	-66.92140146	NAN	
106.2	6.135	2.16	1	0	0.5132738061	-67.11750057	NAN	
106.3	6.14	2.155	1	0	0.5510444628	-67.31359968	NAN	
106.4	6.145	2.155	1	0	0.5357238094	-67.50969879	NAN	
106.5	6.15	2.155	1	0	0.3615936946	-67.7057979	NAN	
106.6	6.15	2.155	1	0	0.3380088756	-67.7057979	NAN	
106.7	6.16	2.16	1	0	0.3274141109	-68.09799612	NAN	
106.8	6.16	2.16	1	0	0.1935200248	-68.09799612	NAN	
106.9	6.165	2.155	1	0	0.09565563235	-68.29409523	NAN	
107	6.17	2.155	1	0	0.06204836823	-68.49019434	NAN	
107.1	6.17	2.16	1	0	0.07549834435	-68.49019434	NAN	
107.2	6.18	2.155	1	0	0.1382027496	-68.88239256	NAN	
107.3	6.18	2.155	1	0	0.1542724862	-68.88239256	NAN	
107.4	6.18	2.155	1	0	0.2019900988	-68.88239256	NAN	
107.5	6.185	2.16	1	0	0.1897366596	-69.07849167	NAN	
107.6	6.19	2.155	1	0	0.2103568397	-69.27459078	NAN	
107.7	6.195	2.155	1	0	0.2623928353	-69.47068989	NAN	
107.8	6.195	2.155	1	0	0.2557342371	-69.47068989	NAN	
107.9	6.205	2.155	1	0	0.1823458253	-69.86288811	NAN	
108	6.205	2.155	1	0	0.1617096163	-69.86288811	NAN	
108.1	6.21	2.155	1	0	0.1067707825	-70.05898722	NAN	
108.2	6.215	2.155	1	0	0.09192388155	-70.25508633	NAN	
108.3	6.22	2.155	1	0	0.07416198487	-70.45118544	NAN	
108.4	6.22	2.155	1	0	0.0692820323	-70.45118544	NAN	
108.5	6.225	2.155	1	0	0.03535533906	-70.64728455	NAN	
108.6	6.23	2.155	1	0	0.07615773106	-70.84338366	NAN	
108.7	6.23	2.155	1	0	0.155724115	-70.84338366	NAN	
108.8	6.235	2.16	1	0	0.2979093822	-71.03948277	NAN	
108.9	6.24	2.155	1	0	0.43063906	-71.23558188	NAN	
109	6.245	2.155	1	0	0.455521679	-71.43168099	NAN	
109.1	6.25	2.155	1	0	0.433877863	-71.6277801	NAN	
109.2	6.25	2.155	1	0	0.4236153916	-71.6277801	NAN	
109.3	6.255	2.155	1	0	0.4030508653	-71.82387921	NAN	
109.4	6.26	2.155	1	0	0.3967996976	-72.01997832	NAN	
109.5	6.265	2.155	1	0	0.4276680956	-72.21607743	NAN	
109.6	6.27	2.155	1	0	0.4126742056	-72.41217654	NAN	
109.7	6.275	2.16	1	0	0.310322413	-72.60827565	NAN	
109.8	6.275	2.155	1	0	0.2073644135	-72.60827565	NAN	
109.9	6.28	2.155	1	0	0.1941648784	-72.80437476	NAN	
110	6.285	2.155	1	0	0.2008730943	-73.00047387	NAN	
110.1	6.29	2.16	1	0	0.2220360331	-73.19657298	NAN	
110.2	6.29	2.155	1	0	0.2596150997	-73.19657298	NAN	
110.3	6.295	2.155	1	0	0.2668332813	-73.39267209	NAN	
110.4	6.305	2.155	1	0	0.2439262184	-73.78487031	NAN	
110.5	6.31	2.155	1	0	0.2165640783	-73.98096942	NAN	
110.6	6.31	2.155	1	0	0.2098809186	-73.98096942	NAN	
110.7	6.315	2.155	1	0	0.2835489376	-74.17706853	NAN	
110.8	6.32	2.155	1	0	0.2067607313	-74.37316764	NAN	
110.9	6.325	2.155	1	0	0.1534600925	-74.56926675	NAN	
111	6.325	2.155	1	0	0.1620185175	-74.56926675	NAN	
111.1	6.33	2.155	1	0	0.2617250466	-74.76536586	NAN	
111.2	6.335	2.155	1	0	0.3924283374	-74.96146497	NAN	
111.3	6.335	2.155	1	0	0.4933051794	-74.96146497	NAN	
111.4	6.335	2.155	1	0	0.5616048433	-74.96146497	NAN	
111.5	6.345	2.155	1	0	0.5594193418	-75.35366319	NAN	
111.6	6.35	2.155	1	0	0.5581666418	-75.5497623	NAN	
111.7	6.36	2.155	1	0	0.5982056503	-75.94196052	NAN	
111.8	6.36	2.155	1	0	0.5730183243	-75.94196052	NAN	
111.9	6.36	2.155	1	0	0.5470831747	-75.94196052	NAN	
112	6.365	2.155	1	0	0.5726255321	-76.13805963	NAN	
112.1	6.365	2.155	1	0	0.5553827509	-76.13805963	NAN	
112.2	6.365	2.155	1	0	0.5463515352	-76.13805963	NAN	
112.3	6.38	2.155	1	0	0.4753419822	-76.72635696	NAN	
112.4	6.385	2.155	1	0	0.4303486958	-76.92245607	NAN	
112.5	6.39	2.155	1	0	0.4139444407	-77.11855518	NAN	
112.6	6.39	2.155	1	0	0.3639368077	-77.11855518	NAN	
112.7	6.39	2.155	1	0	0.3693237063	-77.11855518	NAN	
112.8	6.395	2.155	1	0	0.2994160984	-77.31465429	NAN	
112.9	6.405	2.155	1	0	0.2086863675	-77.70685251	NAN	
113	6.41	2.155	1	0	0.1144552314	-77.90295162	NAN	
113.1	6.41	2.155	1	0	0.1704406055	-77.90295162	NAN	
113.2	6.415	2.155	1	0	0.08276472679	-78.09905073	NAN	
113.3	6.415	2.155	1	0	0.237802439	-78.09905073	NAN	
113.4	6.425	2.155	1	0	0.1909188309	-78.49124895	NAN	
113.5	6.425	2.155	1	0	0.3190611227	-78.49124895	NAN	
113.6	6.43	2.155	1	0	0.1939071943	-78.68734806	NAN	
113.7	6.43	2.155	1	0	0.1937782238	-78.68734806	NAN	
113.8	6.43	2.155	1	0	0.2	-78.68734806	NAN	
113.9	6.44	2.155	1	0	0.2154065923	-79.07954628	NAN	
114	6.445	2.155	1	0	0.1760681686	-79.27564539	NAN	
114.1	6.445	2.155	1	0	0.09669539803	-79.27564539	NAN	
114.2	6.445	2.155	1	0	0.06442049363	-79.27564539	NAN	
114.3	6.455	2.155	1	0	0.05656854249	-79.66784361	NAN	
114.4	6.46	2.155	1	0	0.08831760866	-79.86394272	NAN	
114.5	6.465	2.155	1	0	0.07348469228	-80.06004183	NAN	
114.6	6.47	2.155	1	0	0.09591663047	-80.25614094	NAN	
114.7	6.475	2.155	1	0	0.1034408043	-80.45224005	NAN	
114.8	6.475	2.155	1	0	0.08972179222	-80.45224005	NAN	
114.9	6.48	2.155	1	0	0.06442049363	-80.64833916	NAN	
115	6.485	2.155	1	0	0.1264911064	-80.84443827	NAN	
115.1	6.485	2.155	1	0	0.1901315334	-80.84443827	NAN	
115.2	6.485	2.155	1	0	0.1752141547	-80.84443827	NAN	
115.3	6.485	2.155	1	0	0.2196588264	-80.84443827	NAN	
115.4	6.495	2.155	1	0	0.1307669683	-81.23663649	NAN	
115.5	6.5	2.155	1	0	0.1521512405	-81.4327356	NAN	
115.6	6.505	2.155	1	0	0.2031009601	-81.62883471	NAN	
115.7	6.51	2.155	1	0	0.1740689519	-81.82493382	NAN	
115.8	6.515	2.155	1	0	0.2155226206	-82.02103293	NAN	
115.9	6.515	2.155	1	0	0.162788206	-82.02103293	NAN	
116	6.52	2.155	1	0	0.05873670062	-82.21713204	NAN	
116.1	6.525	2.155	1	0	0.03674234614	-82.41323115	NAN	
116.2	6.53	2.155	1	0	0.05291502622	-82.60933026	NAN	
116.3	6.535	2.155	1	0	0.09055385138	-82.80542937	NAN	
116.4	6.54	2.155	1	0	0.1471393897	-83.00152848	NAN	
116.5	6.54	2.155	1	0	0.1063014581	-83.00152848	NAN	
116.6	6.545	2.155	1	0	0.1356465997	-83.19762759	NAN	
116.7	6.545	2.155	1	0	0.1772004515	-83.19762759	NAN	
116.8	6.545	2.155	1	0	0.1744992837	-83.19762759	NAN	
116.9	6.56	2.155	1	0	0.1842552577	-83.78592492	NAN	
117	6.56	2.155	1	0	0.2127204739	-83.78592492	NAN	
117.1	6.565	2.155	1	0	0.2333452378	-83.98202403	NAN	
117.2	6.565	2.155	1	0	0.1394632568	-83.98202403	NAN	
117.3	6.565	2.155	1	0	0.04795831523	-83.98202403	NAN	
117.4	6.57	2.155	1	0	0.02828427125	-84.17812314	NAN	
117.5	6.575	2.155	1	0	0.02915475947	-84.37422225	NAN	
117.6	6.575	2.155	1	0	0.03535533906	-84.37422225	NAN	
117.7	6.58	2.155	1	0	0.03674234614	-84.57032136	NAN	
117.8	6.59	2.155	1	0	0.04582575695	-84.96251958	NAN	
117.9	6.59	2.155	1	0	0.0790569415	-84.96251958	NAN	
118	6.59	2.155	1	0	0.0790569415	-84.96251958	NAN	
118.1	6.605	2.155	1	0	0.08426149773	-85.55081691	NAN	
118.2	6.605	2.155	1	0	0.07	-85.55081691	NAN	
118.3	6.61	2.16	1	0	0.08246211251	-85.74691602	NAN	
118.4	6.61	2.155	1	0	0.09513148795	-85.74691602	NAN	
118.5	6.61	2.155	1	0	0.1471393897	-85.74691602	NAN	
118.6	6.61	2.155	1	0	0.1914418972	-85.74691602	NAN	
118.7	6.615	2.155	1	0	0.2054263858	-85.94301513	NAN	
118.8	6.63	2.155	1	0	0.1456021978	-86.53131246	NAN	
118.9	6.63	2.155	1	0	0.1118033989	-86.53131246	NAN	
119	6.635	2.155	1	0	0.1039230485	-86.72741157	NAN	
119.1	6.635	2.155	1	0	0.09486832981	-86.72741157	NAN	
119.2	6.635	2.155	1	0	0.1051189802	-86.72741157	NAN	
119.3	6.645	2.155	1	0	0.2059126028	-87.11960979	NAN	
119.4	6.655	2.155	1	0	0.2518928344	-87.51180801	NAN	
119.5	6.655	2.155	1	0	0.1927433527	-87.51180801	NAN	
119.6	6.66	2.155	1	0	0.1133578405	-87.70790712	NAN	
119.7	6.665	2.155	1	0	0.1090871211	-87.90400623	NAN	
119.8	6.665	2.155	1	0	0.16673332	-87.90400623	NAN	
119.9	6.665	2.155	1	0	0.1258967831	-87.90400623	NAN	
120	6.665	2.16	1	0	0.09746794345	-87.90400623	NAN	
120.1	6.67	2.155	1	0	0.0790569415	-88.10010534	NAN	
120.2	6.675	2.155	1	0	0.1489966443	-88.29620445	NAN	
120.3	6.675	2.155	1	0	0.1893409623	-88.29620445	NAN	
120.4	6.685	2.155	1	0	0.2034698995	-88.68840267	NAN	
120.5	6.7	2.155	1	0	0.1861451047	-89.2767	NAN	
120.6	6.7	2.155	1	0	0.1689674525	-89.2767	NAN	
120.7	6.7	2.155	1	0	0.1743559577	-89.2767	NAN	
120.8	6.7	2.155	1	0	0.1440486029	-89.2767	NAN	
120.9	6.7	2.16	1	0	0.1017349497	-89.2767	NAN	
121	6.705	2.155	1	0	0.09643650761	-89.47279911	NAN	
121.1	6.72	2.155	0	0	0.1041633333	-90.06109644	NAN	
121.2	6.725	2.155	0	0	0.05385164807	-90.25719555	NAN	
121.3	6.725	2.16	0	0	0.03535533906	-90.25719555	NAN	
121.4	6.725	2.16	0	0	0.0474341649	-90.25719555	NAN	
121.5	6.725	2.16	0	0	0.04123105626	-90.25719555	NAN	
121.6	6.725	2.16	0	0	0.02915475947	-90.25719555	NAN	
121.7	6.725	2.16	0	0	0.03535533906	-90.25719555	NAN	
121.8	6.725	2.16	0	0	0.04582575695	-90.25719555	NAN	
121.9	6.725	2.16	0	0	0.05049752469	-90.25719555	NAN	
122	6.725	2.16	0	0	0.06782329983	-90.25719555	NAN	
