Crystal angle	Rate at 35kV
theta	R(35kV)/Imp/s

3,0	460,0
3,1	329,0
3,2	277,0
3,3	260,0
3,4	247,0
3,5	230,0
3,6	228,0
3,7	214,0
3,8	199,0
3,9	188,0
4,0	165,0
4,1	149,0
4,2	130,0
4,3	120,0
4,4	95,0
4,5	89,0
4,6	84,0
4,7	81,0
4,8	77,0
4,9	83,0
5,0	77,0
5,1	72,0
5,2	80,0
5,3	62,0
5,4	70,0
5,5	80,0
5,6	82,0
5,7	87,0
5,8	93,0
5,9	103,0
6,0	114,0
6,1	114,0
6,2	121,0
6,3	133,0
6,4	139,0
6,5	140,0
6,6	154,0
6,7	150,0
6,8	151,0
6,9	147,0
7,0	170,0
7,1	164,0
7,2	165,0
7,3	176,0
7,4	183,0
7,5	177,0
7,6	193,0
7,7	184,0
7,8	200,0
7,9	195,0
8,0	202,0
8,1	211,0
8,2	227,0
8,3	223,0
8,4	229,0
8,5	200,0
8,6	222,0
8,7	231,0
8,8	225,0
8,9	241,0
9,0	230,0
9,1	237,0
9,2	242,0
9,3	244,0
9,4	240,0
9,5	261,0
9,6	224,0
9,7	231,0
9,8	233,0
9,9	252,0
10,0	250,0
10,1	239,0
10,2	240,0
10,3	252,0
10,4	254,0
10,5	251,0
10,6	234,0
10,7	248,0
10,8	264,0
10,9	267,0
11,0	258,0
11,1	250,0
11,2	259,0
11,3	275,0
11,4	282,0
11,5	245,0
11,6	288,0
11,7	258,0
11,8	271,0
11,9	261,0
12,0	276,0
12,1	261,0
12,2	261,0
12,3	286,0
12,4	253,0
12,5	269,0
12,6	274,0
12,7	268,0
12,8	256,0
12,9	264,0
13,0	277,0
13,1	251,0
13,2	255,0
13,3	279,0
13,4	265,0
13,5	243,0
13,6	225,0
13,7	211,0
13,8	229,0
13,9	203,0
14,0	218,0
14,1	203,0
14,2	225,0
14,3	231,0
14,4	209,0
14,5	219,0
14,6	216,0
14,7	208,0
14,8	211,0
14,9	196,0
15,0	191,0
15,1	210,0
15,2	204,0
15,3	195,0
15,4	207,0
15,5	193,0
15,6	195,0
15,7	201,0
15,8	189,0
15,9	197,0
16,0	204,0
16,1	196,0
16,2	197,0
16,3	196,0
16,4	179,0
16,5	187,0
16,6	197,0
16,7	185,0
16,8	180,0
16,9	178,0
17,0	176,0
17,1	174,0
17,2	179,0
17,3	178,0
17,4	151,0
17,5	159,0
17,6	162,0
17,7	185,0
17,8	175,0
17,9	167,0
18,0	162,0
18,1	148,0
18,2	161,0
18,3	147,0
18,4	142,0
18,5	143,0
18,6	159,0
18,7	127,0
18,8	150,0
18,9	158,0
19,0	139,0
19,1	141,0
19,2	133,0
19,3	145,0
19,4	131,0
19,5	131,0
19,6	130,0
19,7	136,0
19,8	124,0
19,9	132,0
20,0	156,0
20,1	136,0
20,2	169,0
20,3	239,0
20,4	1286,0
20,5	2011,0
20,6	1712,0
20,7	509,0
20,8	257,0
20,9	197,0
21,0	191,0
21,1	175,0
21,2	180,0
21,3	153,0
21,4	163,0
21,5	154,0
21,6	151,0
21,7	158,0
21,8	149,0
21,9	150,0
22,0	146,0
22,1	160,0
22,2	168,0
22,3	179,0
22,4	212,0
22,5	325,0
22,6	1031,0
22,7	5123,0
22,8	6613,0
22,9	5272,0
23,0	1113,0
23,1	390,0
23,2	224,0
23,3	193,0
23,4	156,0
23,5	137,0
23,6	108,0
23,7	112,0
23,8	124,0
23,9	110,0
24,0	107,0
24,1	107,0
24,2	94,0
24,3	89,0
24,4	96,0
24,5	79,0
24,6	101,0
24,7	100,0
24,8	99,0
24,9	79,0
25,0	85,0
25,1	85,0
25,2	86,0
25,3	84,0
25,4	76,0
25,5	82,0
25,6	84,0
25,7	85,0
25,8	73,0
25,9	67,0
26,0	79,0
26,1	75,0
26,2	61,0
26,3	74,0
26,4	70,0
26,5	55,0
26,6	55,0
26,7	70,0
26,8	61,0
26,9	53,0
27,0	57,0
27,1	71,0
27,2	65,0
27,3	53,0
27,4	63,0
27,5	59,0
27,6	54,0
27,7	56,0
27,8	47,0
27,9	48,0
28,0	53,0
28,1	54,0
28,2	44,0
28,3	48,0
28,4	52,0
28,5	49,0
28,6	53,0
28,7	46,0
28,8	49,0
28,9	51,0
29,0	41,0
29,1	46,0
29,2	53,0
29,3	46,0
29,4	42,0
29,5	35,0
29,6	36,0
29,7	43,0
29,8	40,0
29,9	41,0
30,0	49,0
30,1	41,0
30,2	35,0
30,3	35,0
30,4	30,0
30,5	40,0
30,6	40,0
30,7	44,0
30,8	41,0
30,9	34,0
31,0	41,0
31,1	38,0
31,2	37,0
31,3	38,0
31,4	37,0
31,5	31,0
31,6	35,0
31,7	30,0
31,8	31,0
31,9	33,0
32,0	34,0
32,1	31,0
32,2	37,0
32,3	35,0
32,4	26,0
32,5	27,0
32,6	33,0
32,7	34,0
32,8	36,0
32,9	33,0
33,0	23,0
33,1	36,0
33,2	38,0
33,3	36,0
33,4	0,0
33,5	37,0
33,6	33,0
33,7	32,0
33,8	28,0
33,9	25,0
34,0	31,0
34,1	32,0
34,2	28,0
34,3	22,0
34,4	32,0
34,5	30,0
34,6	32,0
34,7	26,0
34,8	29,0
34,9	24,0
35,0	29,0
35,1	24,0
35,2	25,0
35,3	30,0
35,4	25,0
35,5	22,0
35,6	23,0
35,7	25,0
35,8	20,0
35,9	20,0
36,0	30,0
36,1	31,0
36,2	28,0
36,3	30,0
36,4	20,0
36,5	22,0
36,6	25,0
36,7	24,0
36,8	30,0
36,9	21,0
37,0	23,0
37,1	25,0
37,2	28,0
37,3	23,0
37,4	26,0
37,5	26,0
37,6	26,0
37,7	23,0
37,8	24,0
37,9	18,0
38,0	22,0
38,1	20,0
38,2	23,0
38,3	23,0
38,4	20,0
38,5	20,0
38,6	20,0
38,7	23,0
38,8	28,0
38,9	20,0
39,0	22,0
39,1	19,0
39,2	17,0
39,3	21,0
39,4	22,0
39,5	17,0
39,6	21,0
39,7	23,0
39,8	30,0
39,9	20,0
40,0	25,0
40,1	18,0
40,2	20,0
40,3	25,0
40,4	25,0
40,5	18,0
40,6	24,0
40,7	28,0
40,8	22,0
40,9	18,0
41,0	24,0
41,1	24,0
41,2	21,0
41,3	19,0
41,4	20,0
41,5	17,0
41,6	23,0
41,7	24,0
41,8	20,0
41,9	21,0
42,0	17,0
42,1	18,0
42,2	24,0
42,3	20,0
42,4	18,0
42,5	25,0
42,6	21,0
42,7	24,0
42,8	22,0
42,9	18,0
43,0	28,0
43,1	14,0
43,2	24,0
43,3	21,0
43,4	20,0
43,5	21,0
43,6	32,0
43,7	37,0
43,8	55,0
43,9	215,0
44,0	284,0
44,1	268,0
44,2	58,0
44,3	37,0
44,4	37,0
44,5	25,0
44,6	26,0
44,7	29,0
44,8	24,0
44,9	28,0
45,0	23,0
45,1	26,0
45,2	27,0
45,3	21,0
45,4	22,0
45,5	18,0
45,6	20,0
45,7	20,0
45,8	17,0
45,9	16,0
46,0	23,0
46,1	20,0
46,2	24,0
46,3	22,0
46,4	21,0
46,5	23,0
46,6	18,0
46,7	20,0
46,8	23,0
46,9	19,0
47,0	17,0
47,1	23,0
47,2	21,0
47,3	22,0
47,4	25,0
47,5	23,0
47,6	19,0
47,7	15,0
47,8	17,0
47,9	28,0
48,0	19,0
48,1	24,0
48,2	17,0
48,3	27,0
48,4	17,0
48,5	24,0
48,6	18,0
48,7	21,0
48,8	23,0
48,9	22,0
49,0	27,0
49,1	26,0
49,2	32,0
49,3	32,0
49,4	31,0
49,5	29,0
49,6	32,0
49,7	32,0
49,8	51,0
49,9	82,0
50,0	170,0
50,1	541,0
50,2	1120,0
50,3	1207,0
50,4	605,0
50,5	350,0
50,6	98,0
50,7	50,0
50,8	41,0
50,9	38,0
51,0	30,0
51,1	32,0
51,2	32,0
51,3	30,0
51,4	31,0
51,5	26,0
51,6	28,0
51,7	28,0
51,8	20,0
51,9	24,0
52,0	21,0
52,1	20,0
52,2	19,0
52,3	20,0
52,4	17,0
52,5	16,0
52,6	17,0
52,7	16,0
52,8	15,0
52,9	20,0
53,0	21,0
53,1	21,0
53,2	25,0
53,3	24,0
53,4	15,0
53,5	14,0
53,6	15,0
53,7	18,0
53,8	20,0
53,9	14,0
54,0	23,0
54,1	16,0
54,2	15,0
54,3	20,0
54,4	13,0
54,5	16,0
54,6	14,0
54,7	18,0
54,8	12,0
54,9	15,0
55,0	15,0
